-196.80
-190.24
-183.68
-177.12
-170.56
-164.00
-157.44
-150.88
-144.32
-137.76
-131.20
-124.64
-118.08
-111.52
-104.96
 -98.40
 -91.84
 -85.28
 -78.72
 -72.16
 -65.60
 -59.04
 -52.48
 -45.92
 -39.36
 -32.80
 -26.24
 -19.68
 -13.12
  -6.56
   0.00
   6.56
  13.12
  19.68
  26.24
  32.80
  39.36
  45.92
  52.48
  59.04
  65.60
  72.16
  78.72
  85.28
  91.84
  98.40
 104.96
 111.52
 118.08
 124.64
 131.20
 137.76
 144.32
 150.88
 157.44
 164.00
 170.56
 177.12
 183.68
 190.24
 196.80
 203.36
 209.92
 216.48
 223.04
 229.60
 236.16
 242.72
 249.28
 255.84
 262.40
 268.96
 275.52
 282.08
 288.64
 295.20
 301.76
 308.32
 314.88
 321.44
 328.00
 334.56
 341.12
 347.68
 354.24
