# HR 3454
3300 4.127 16
3316 4.126 16
3332 4.129 16
3348 4.133 16
3364 4.144 16
3380 4.142 16
3396 4.152 16
3412 4.156 16
3428 4.166 16
3444 4.174 16
3460 4.179 16
3476 4.186 16
3492 4.191 16
3508 4.194 16
3524 4.199 16
3540 4.196 16
3556 4.196 16
3572 4.196 16
3588 4.206 16
3604 4.194 16
3620 4.196 16
3636 4.193 16
3652 4.195 16
3668 4.194 16
3684 4.202 16
3700 4.205 16
3716 4.184 16
3732 4.144 16
3748 4.095 16
3764 4.056 16
3780 3.989 16
3796 4.02 16
3812 3.926 16
3828 4.006 16
3844 3.892 16
3860 3.82 16
3876 3.94 16
3892 3.963 16
3908 3.82 16
3924 3.811 16
3940 3.818 16
3956 3.939 16
3972 4.022 16
3988 3.859 16
4004 3.853 16
4020 3.88 16
4036 3.843 16
4052 3.833 16
4068 3.85 16
4084 3.94 16
4100 4.081 16
4116 3.931 16
4132 3.897 16
4148 3.889 16
4164 3.877 16
4180 3.879 16
4196 3.885 16
4212 3.889 16
4228 3.9 16
4244 3.909 16
4260 3.924 16
4276 3.927 16
4292 3.936 16
4308 3.955 16
4324 4.049 16
4340 4.185 16
4356 4.028 16
4372 3.986 16
4388 4 16
4404 3.979 16
4420 3.982 16
4436 3.995 16
4452 4.01 16
4468 4.058 16
4484 4.022 16
4500 4.009 16
4516 4.014 16
4532 4.016 16
4548 4.024 16
4564 4.031 16
4580 4.03 16
4596 4.04 16
4612 4.047 16
4628 4.055 16
4644 4.058 16
4660 4.059 16
4676 4.067 16
4692 4.074 16
4708 4.081 16
4724 4.081 16
4740 4.085 16
4756 4.091 16
4772 4.103 16
4788 4.108 16
4804 4.112 16
4820 4.111 16
4836 4.137 16
4852 4.278 16
4868 4.315 16
4884 4.155 16
4900 4.136 16
4916 4.157 16
4932 4.153 16
4948 4.141 16
4964 4.147 16
4980 4.154 16
4996 4.168 16
5012 4.186 16
5028 4.185 16
5044 4.194 16
5060 4.194 16
5076 4.197 16
5092 4.199 16
5108 4.206 16
5124 4.211 16
5140 4.214 16
5156 4.218 16
5172 4.22 16
5188 4.224 16
5204 4.23 16
5220 4.231 16
5236 4.235 16
5252 4.241 16
5268 4.247 16
5284 4.25 16
5300 4.254 16
5316 4.259 16
5332 4.262 16
5348 4.268 16
5364 4.269 16
5380 4.275 16
5396 4.278 16
5412 4.284 16
5428 4.29 16
5444 4.294 16
5460 4.297 16
5476 4.302 16
5492 4.306 16
5508 4.308 16
5524 4.314 16
5540 4.319 16
5556 4.324 16
5572 4.326 16
5588 4.33 16
5604 4.338 16
5620 4.344 16
5636 4.351 16
5652 4.359 16
5668 4.365 16
5684 4.372 16
5700 4.376 16
5716 4.378 16
5732 4.387 16
5748 4.389 16
5764 4.394 16
5780 4.394 16
5796 4.394 16
5812 4.395 16
5828 4.395 16
5844 4.396 16
5860 4.405 16
5876 4.443 16
5892 4.433 16
5908 4.425 16
5924 4.434 16
5940 4.44 16
5956 4.444 16
5972 4.442 16
5988 4.443 16
6004 4.45 16
6020 4.455 16
6036 4.457 16
6052 4.462 16
6068 4.464 16
6084 4.469 16
6100 4.475 16
6116 4.478 16
6132 4.475 16
6148 4.489 16
6164 4.489 16
6180 4.492 16
6196 4.495 16
6212 4.5 16
6228 4.503 16
6244 4.508 16
6260 4.516 16
6276 4.541 16
6292 4.543 16
6308 4.537 16
6324 4.534 16
6340 4.54 16
6356 4.541 16
6372 4.544 16
6388 4.543 16
6404 4.547 16
6420 4.547 16
6436 4.547 16
6452 4.549 16
6468 4.556 16
6484 4.567 16
6500 4.566 16
6516 4.574 16
6532 4.583 16
6548 4.646 16
6564 4.770 16
6580 4.641 16
6596 4.595 16
6612 4.591 16
6628 4.591 16
6644 4.593 16
6660 4.598 16
6676 4.620 16
6692 4.606 16
6708 4.605 16
6724 4.608 16
6740 4.613 16
6756 4.616 16
6772 4.622 16
6788 4.628 16
6804 4.631 16
6820 4.634 16
6836 4.637 16
6852 4.653 16
6868 4.801 16
6884 4.799 16
6900 4.764 16
6916 4.714 16
6932 4.697 16
6948 4.690 16
6964 4.682 16
6980 4.682 16
6996 4.692 16
7012 4.696 16
7028 4.699 16
7044 4.700 16
7060 4.713 16
7076 4.710 16
7092 4.707 16
7108 4.709 16
7124 4.717 16
7140 4.720 16
7156 4.736 16
7172 4.789 16
7188 4.828 16
7204 4.808 16
7220 4.771 16
7236 4.812 16
7252 4.814 16
7268 4.810 16
7284 4.814 16
7300 4.807 16
7316 4.796 16
7332 4.782 16
7348 4.779 16
7364 4.782 16
7380 4.781 16
7396 4.782 16
7412 4.784 16
7428 4.786 16
7444 4.790 16
7460 4.791 16
7476 4.796 16
7492 4.796 16
7508 4.798 16
7524 4.804 16
7540 4.809 16
7556 4.812 16
7572 4.820 16
7588 5.009 16
7604 5.756 16
7620 5.426 16
7636 5.402 16
7652 5.140 16
7668 4.951 16
7684 4.875 16
7700 4.848 16
7716 4.841 16
7732 4.842 16
7748 4.845 16
7764 4.851 16
7780 4.858 16
7796 4.854 16
7812 4.859 16
7828 4.860 16
7844 4.861 16
7860 4.867 16
7876 4.875 16
7892 4.884 16
7908 4.883 16
7924 4.883 16
7940 4.882 16
7956 4.891 16
7972 4.893 16
7988 4.894 16
8004 4.900 16
8020 4.904 16
8036 4.906 16
8052 4.905 16
8068 4.910 16
8084 4.915 16
8100 4.920 16
8116 4.932 16
8132 4.961 16
8148 4.995 16
8164 5.023 16
8180 5.016 16
8196 4.998 16
8212 4.980 16
8228 5.050 16
8244 4.992 16
8260 4.986 16
8276 5.007 16
8292 5.006 16
8308 5.000 16
8324 5.001 16
8340 4.990 16
8356 4.987 16
8372 4.989 16
8388 4.989 16
8404 4.989 16
8420 4.988 16
8436 4.996 16
8452 4.998 16
8468 5.002 16
8484 4.999 16
8500 5.015 16
8516 5.003 16
8532 5.013 16
8548 5.037 16
8564 5.004 16
8580 5.013 16
8596 5.061 16
8612 5.028 16
8628 4.992 16
8644 5.012 16
8660 5.085 16
8676 5.065 16
8692 5.006 16
8708 4.994 16
8724 5.011 16
8740 5.090 16
8756 5.128 16
8772 5.046 16
8788 5.008 16
8804 5.002 16
8820 5.009 16
8836 5.031 16
8852 5.126 16
8868 5.177 16
8884 5.074 16
8900 5.035 16
8916 5.032 16
8932 5.041 16
8948 5.068 16
8964 5.113 16
8980 5.158 16
8996 5.236 16
9012 5.331 16
9028 5.235 16
9044 5.113 16
9060 5.123 16
9076 5.162 16
9092 5.157 16
9108 5.148 16
9124 5.154 16
9140 5.170 16
9156 5.181 16
9172 5.175 16
9188 5.156 16
9204 5.166 16
9220 5.278 16
9236 5.322 16
9252 5.204 16
9268 5.179 16
9284 5.235 16
9300 5.331 16
9316 5.493 16
9332 5.624 16
9348 5.668 16
9364 5.611 16
9380 5.549 16
9396 5.342 16
9412 5.370 16
9428 5.488 16
9444 5.526 16
9460 5.512 16
9476 5.478 16
9492 5.496 16
9508 5.459 16
9524 5.541 16
9540 5.606 16
9556 5.618 16
9572 5.456 16
9588 5.452 16
9604 5.393 16
9620 5.383 16
9636 5.368 16
9652 5.337 16
9668 5.312 16
9684 5.257 16
9700 5.249 16
9716 5.257 16
9732 5.281 16
9748 5.298 16
9764 5.287 16
9780 5.266 16
9796 5.273 16
9812 5.245 16
9828 5.245 16
9844 5.231 16
9860 5.221 16
9876 5.222 16
9892 5.216 16
9908 5.219 16
9924 5.214 16
9940 5.223 16
9956 5.228 16
9972 5.216 16
9988 5.229 16
10004 5.232 16
10020 5.266 16
10036 5.333 16
10052 5.420 16
10068 5.311 16
10084 5.259 16
10100 5.254 16
10116 5.231 16
10132 5.229 16
10148 5.246 16
10164 5.248 16
10180 5.241 16
10196 5.238 16
10212 5.244 16
10228 5.230 16
10244 5.226 16
10260 5.259 16
10276 5.260 16
10292 5.256 16
10308 5.295 16
10324 5.305 16
10340 5.328 16
