      315   0:06:59  -02:37:52   6.440 -0.145 -0.497 -0.037 -0.064 -0.101   4   3  0.007 0.007 0.004 0.004 0.005 0.007   
     2892   0:31:26   01:06:13   9.366  1.321  1.409  0.692  0.625  1.319  15  10  0.004 0.004 0.005 0.002 0.003 0.002   
  -15_115   0:37:36  -15:04:51  10.881 -0.190 -0.860 -0.095 -0.103 -0.198  11   8  0.006 0.004 0.006 0.003 0.008 0.008   
  -12_134   0:46:19  -11:57:32  11.775 -0.294 -1.329 -0.088 -0.078 -0.161  12   8  0.005 0.004 0.009 0.004 0.010 0.007   1
  -11_162   0:51:30  -10:44:49  11.190 -0.081 -1.138  0.050  0.095  0.144  10   7  0.008 0.005 0.006 0.005 0.003 0.006   
   92_336   0:54:16   00:42:36   8.046  0.985  0.815  0.518  0.465  0.984  16  10  0.002 0.002 0.003 0.001 0.004 0.005   
   92_342   0:54:24   00:38:22  11.616  0.435 -0.040  0.264  0.272  0.536  22  12  0.002 0.002 0.004 0.002 0.002 0.002   
   92_263   0:54:54   00:31:26  11.784  1.048  0.846  0.564  0.520  1.085  23  12  0.005 0.003 0.006 0.002 0.002 0.003   2
     5505   0:56:05   01:36:00   9.001  1.078  0.955  0.553  0.502  1.056  12   8  0.003 0.004 0.005 0.001 0.003 0.003   
   92_288   0:56:31   00:31:55  11.631  0.857  0.473  0.489  0.441  0.931  23  12  0.003 0.004 0.004 0.003 0.002 0.002   
     F_11   1:03:30   04:09:15  12.061 -0.236 -0.978 -0.119 -0.141 -0.260  24  12  0.002 0.002 0.003 0.002 0.004 0.004   
   93_103   1:52:35   00:18:50   8.831  1.161  1.157  0.585  0.518  1.104  18  11  0.003 0.003 0.005 0.003 0.002 0.003   
     F_16   1:53:51  -06:50:42  12.405 -0.010  0.015 -0.009  0.004 -0.001  25  13  0.002 0.002 0.008 0.005 0.004 0.004   
   93_317   1:53:52   00:38:36  11.547  0.489 -0.053  0.293  0.296  0.589  20  11  0.001 0.002 0.003 0.002 0.001 0.001   
   93_326   1:54:04   00:42:40   9.569  0.454 -0.039  0.263  0.265  0.528  24  14  0.002 0.003 0.004 0.003 0.003 0.003   
   93_332   1:54:17   00:35:48   9.789  0.518 -0.024  0.296  0.306  0.602  18  11  0.004 0.004 0.005 0.003 0.002 0.003   
   93_333   1:54:19   00:41:20  12.006  0.829  0.434  0.469  0.421  0.891  20  10  0.002 0.003 0.004 0.002 0.002 0.003   
   93_241   1:54:33   00:32:08   9.400  0.853  0.425  0.463  0.453  0.916  24  14  0.002 0.003 0.005 0.001 0.002 0.002   
   93_424   1:54:40   00:52:19  11.620  1.084  0.945  0.553  0.504  1.059  20  10  0.002 0.004 0.006 0.001 0.002 0.001   
    11983   1:56:47  -07:36:11   8.192  1.512  1.884  0.807  0.746  1.554  22  14  0.005 0.006 0.010 0.006 0.003 0.005   
    12021   1:57:10  -02:10:37   8.874 -0.082 -0.404 -0.042 -0.056 -0.098  22  14  0.002 0.004 0.003 0.002 0.003 0.003   
     F_22   2:29:32   05:12:19  12.798 -0.055 -0.816 -0.105 -0.101 -0.201  26  16  0.003 0.004 0.006 0.004 0.005 0.005   
     F_24   2:34:19   03:40:10  12.409 -0.199 -1.172  0.092  0.362  0.450  26  16  0.004 0.002 0.008 0.003 0.004 0.005   
    16581   2:38:46   01:17:26   8.195 -0.057 -0.305 -0.025 -0.038 -0.063  21  15  0.004 0.004 0.003 0.002 0.002 0.003   
   -0_454   2:55:09   00:27:24   8.895  1.426  1.579  0.758  0.686  1.445  20  12  0.003 0.003 0.008 0.002 0.002 0.002   
   94_305   2:55:10   00:27:20   8.889  1.423  1.586  0.757  0.685  1.443  17  10  0.005 0.005 0.007 0.003 0.001 0.004   
   94_308   2:55:28   00:27:41   8.743  0.494 -0.004  0.290  0.287  0.576  22  15  0.002 0.002 0.004 0.002 0.002 0.002   
   94_242   2:56:36   00:15:02  11.730  0.307  0.095  0.177  0.186  0.362  19  12  0.002 0.002 0.003 0.002 0.002 0.003   
   -2_524   2:56:54  -02:03:26  10.307 -0.104 -0.641 -0.050 -0.062 -0.111  24  16  0.003 0.004 0.004 0.002 0.003 0.004   
   94_251   2:57:01   00:12:28  11.203  1.218  1.275  0.656  0.586  1.243  19  12  0.002 0.002 0.005 0.002 0.001 0.002   
   94_702   2:57:27   01:07:18  11.595  1.416  1.614  0.758  0.672  1.431  19  12  0.002 0.003 0.008 0.002 0.002 0.002   
   94_342   2:57:43   00:22:39   9.041  0.993  0.716  0.527  0.488  1.015  18  12  0.002 0.003 0.005 0.002 0.001 0.002   
    21197   3:24:18  -05:23:14   7.866  1.150  1.141  0.686  0.558  1.246  24  15  0.005 0.005 0.003 0.002 0.002 0.003   
   95_301   3:51:55   00:28:39  11.219  1.285  1.298  0.692  0.622  1.313  21  14  0.004 0.002 0.006 0.003 0.001 0.003   
    95_96   3:52:08  -00:02:21  10.014  0.147  0.068  0.079  0.093  0.172  45  31  0.003 0.002 0.004 0.001 0.002 0.002   
    95_52   3:53:28  -00:10:58   9.574  0.529  0.069  0.307  0.304  0.611  23  14  0.003 0.003 0.003 0.002 0.002 0.002   
   95_206   3:53:30   00:14:44   8.737  0.502  0.015  0.290  0.285  0.575  21  13  0.002 0.002 0.004 0.002 0.001 0.002   
   95_132   3:54:05   00:02:44  12.062  0.449  0.302  0.259  0.289  0.546  19  13  0.003 0.003 0.009 0.002 0.003 0.003   
    95_74   3:54:45  -00:11:49  11.529  1.127  0.702  0.598  0.566  1.163  17  12  0.002 0.002 0.007 0.002 0.002 0.002   
   95_236   3:55:27   00:06:08  11.492  0.735  0.169  0.421  0.412  0.832  16  12  0.001 0.003 0.006 0.002 0.001 0.002   
   96_180   4:50:55  -00:06:44   8.930  1.049  0.841  0.548  0.504  1.051  20  12  0.003 0.001 0.005 0.001 0.002 0.002   
    96_36   4:50:57  -00:11:41  10.589  0.250  0.111  0.133  0.137  0.270  19  10  0.002 0.002 0.005 0.001 0.001 0.002   
   96_393   4:51:44   00:00:39   9.652  0.598  0.042  0.345  0.343  0.687  18  11  0.002 0.003 0.005 0.002 0.003 0.003   
   96_737   4:51:49   00:21:01  11.718  1.331  1.173  0.736  0.698  1.433  19  10  0.003 0.003 0.009 0.002 0.001 0.002   
   96_406   4:52:04   00:05:36   9.300  0.220  0.148  0.116  0.121  0.237  20  12  0.002 0.002 0.005 0.002 0.002 0.002   
    96_83   4:52:13  -00:16:11  11.721  0.181  0.197  0.090  0.100  0.189  24  13  0.002 0.002 0.007 0.003 0.003 0.004   
   96_235   4:52:33  -00:06:31  11.139  1.072  0.900  0.558  0.510  1.068  19  10  0.002 0.002 0.005 0.002 0.001 0.001   
    36395   5:30:36  -03:36:56   7.960  1.474  1.231  0.985  1.095  2.076  28  18  0.005 0.005 0.005 0.002 0.002 0.003   
    GD_71   5:51:34   15:53:11  13.027 -0.255 -1.099 -0.141 -0.168 -0.305  24  13  0.003 0.005 0.008 0.004 0.008 0.007   
   97_249   5:56:22   00:01:07  11.735  0.651  0.098  0.366  0.353  0.719  13   7  0.004 0.003 0.007 0.001 0.001 0.002   
   97_346   5:56:41   00:13:17   9.260  0.594  0.114  0.338  0.324  0.662  29  18  0.002 0.002 0.003 0.002 0.001 0.003   
   97_351   5:56:51   00:13:38   9.783  0.205  0.084  0.124  0.142  0.264  44  27  0.002 0.001 0.005 0.001 0.001 0.002   
   97_284   5:57:39   00:05:09  10.787  1.366  1.098  0.778  0.726  1.504  14   7  0.002 0.004 0.006 0.002 0.001 0.002   
    46056   6:30:33   04:50:58   8.230  0.192 -0.762  0.135  0.149  0.283   3   2  0.010 0.003 0.003 0.003 0.003 0.006   3
    47761   6:39:17  -04:41:00   8.724  0.159 -0.602  0.138  0.141  0.279  21  13  0.012 0.002 0.007 0.003 0.005 0.007   4
   98_978   6:50:48  -00:10:22  10.576  0.606  0.103  0.351  0.321  0.671  18  11  0.003 0.002 0.003 0.000 0.001 0.002   
   98_185   6:51:16  -00:26:14  10.537  0.203  0.114  0.112  0.126  0.237  18  11  0.004 0.001 0.005 0.002 0.002 0.003   
    50167   6:51:17   01:16:41   7.861  1.535  1.744  0.826  0.757  1.583  23  14  0.004 0.003 0.005 0.002 0.002 0.003   
   98_193   6:51:18  -00:26:10  10.027  1.175  1.163  0.616  0.537  1.154  17   9  0.003 0.002 0.003 0.001 0.001 0.002   
   98_653   6:51:19  -00:17:11   9.538 -0.004 -0.097  0.007  0.008  0.014  43  30  0.002 0.000 0.000 0.000 0.000 0.001   
   98_667   6:51:25  -00:16:34   8.378  0.028 -0.336  0.071  0.078  0.149  20  13  0.004 0.002 0.005 0.002 0.002 0.002   
   98_320   6:52:02  -00:35:26   9.180  1.143  1.136  0.596  0.520  1.116  37  25  0.002 0.002 0.002 0.001 0.000 0.001   
    52533   7:00:42  -03:05:28   7.702 -0.088 -0.958 -0.011 -0.030 -0.038  23  13  0.005 0.002 0.005 0.002 0.005 0.004   
    57884   7:22:22  -04:11:30   9.135  2.299  3.864  1.264  1.019  2.287  27  14  0.014 0.009 0.164 0.006 0.003 0.008   4
  +5_1668   7:26:30   05:24:18   9.843  1.557  1.213  1.206  1.514  2.714  24  13  0.005 0.006 0.014 0.007 0.004 0.007   
    60826   7:35:42   02:06:22   8.983  2.741  5.118  1.495  1.178  2.677  24  13  0.047 0.013 0.219 0.013 0.006 0.019   4
     99_6   7:52:48  -00:47:12  11.054  1.249  1.287  0.652  0.577  1.229  22  11  0.002 0.003 0.004 0.002 0.000 0.001   
   99_358   7:53:12  -00:19:45   9.605  0.776  0.509  0.432  0.405  0.838  21  12  0.004 0.003 0.004 0.003 0.003 0.003   
   99_367   7:53:26  -00:23:13  11.149  1.005  0.829  0.531  0.477  1.009  20  10  0.002 0.003 0.003 0.002 0.001 0.002   
   99_296   7:54:01  -00:27:12   8.454  1.187  1.265  0.600  0.523  1.123  15   9  0.004 0.004 0.003 0.002 0.002 0.002   
   99_185   7:54:07  -00:43:00   8.344  1.081  0.975  0.563  0.507  1.071  17  10  0.004 0.003 0.004 0.002 0.002 0.001   
   99_408   7:54:27  -00:23:08   9.807  0.407  0.043  0.253  0.247  0.499  27  16  0.002 0.002 0.002 0.001 0.001 0.001   
   99_418   7:54:41  -00:15:07   9.474 -0.041 -0.154 -0.003 -0.013 -0.016  17  10  0.005 0.004 0.008 0.003 0.003 0.004   
   99_438   7:55:08  -00:14:26   9.399 -0.155 -0.719 -0.060 -0.082 -0.143  48  31  0.003 0.002 0.002 0.001 0.001 0.001   
   99_447   7:55:21  -00:18:18   9.415 -0.071 -0.217 -0.031 -0.041 -0.074  22  11  0.002 0.002 0.005 0.001 0.001 0.001   
    65079   7:56:19   03:00:09   7.832 -0.182 -0.786 -0.055 -0.075 -0.130  18  11  0.005 0.005 0.005 0.002 0.004 0.006   
    72055   8:29:50  -07:06:14   8.113 -0.137 -0.460 -0.031 -0.056 -0.086  17  10  0.004 0.004 0.007 0.003 0.003 0.003   
  100_241   8:51:49  -00:36:23  10.140  0.156  0.102  0.077  0.087  0.164  20  12  0.002 0.002 0.007 0.001 0.001 0.002   
  100_606   8:52:12  -00:06:04   8.641  0.052  0.125  0.026  0.022  0.048  15   7  0.002 0.004 0.011 0.002 0.002 0.002   
  100_162   8:52:29  -00:40:03   9.148  1.274  1.501  0.648  0.553  1.204  37  20  0.002 0.002 0.004 0.001 0.001 0.002   
  100_280   8:52:50  -00:33:15  11.802  0.496  0.009  0.295  0.296  0.591  20  12  0.003 0.003 0.003 0.002 0.002 0.003   
    76082   8:53:13  -00:33:20   8.409  1.118  1.090  0.585  0.516  1.101  15   9  0.003 0.006 0.006 0.002 0.001 0.002   
   100_95   8:54:08  -00:54:40   8.915  0.814  0.391  0.453  0.431  0.884  15   8  0.002 0.002 0.006 0.002 0.002 0.002   
    79097   9:11:07  -06:54:45   7.601  1.628  1.933  0.990  1.100  2.087  19  11  0.007 0.002 0.007 0.004 0.003 0.006   5
    84971   9:47:59  -02:38:29   8.636 -0.159 -0.770 -0.063 -0.089 -0.152  19  11  0.004 0.003 0.003 0.003 0.003 0.004   
  101_389   9:53:34  -00:10:50   9.962  0.427 -0.001  0.256  0.248  0.503  16  10  0.001 0.002 0.002 0.002 0.002 0.002   
  101_311   9:53:49  -00:20:01   8.233  0.265  0.003  0.159  0.164  0.322  19  11  0.002 0.002 0.005 0.002 0.002 0.002   
   101_24   9:54:50  -01:03:10   7.997  1.108  1.037  0.575  0.515  1.091  16   9  0.004 0.004 0.004 0.002 0.002 0.003   
  101_324   9:55:11  -00:18:56   9.743  1.157  1.149  0.591  0.520  1.111  20  13  0.003 0.003 0.003 0.001 0.000 0.002   
  101_333   9:55:53  -00:23:22   7.835  1.485  1.787  0.795  0.728  1.524  19  11  0.004 0.003 0.006 0.003 0.002 0.003   
  101_282   9:56:19  -00:25:42  10.002  0.429  0.010  0.260  0.260  0.520  17   9  0.003 0.003 0.003 0.003 0.003 0.002   
  101_281   9:56:19  -00:27:20  11.579  0.814  0.435  0.455  0.410  0.866  21  12  0.002 0.002 0.005 0.001 0.001 0.002   
  101_363   9:57:33  -00:21:16   9.871  0.262  0.121  0.145  0.151  0.296  19  13  0.002 0.002 0.006 0.001 0.001 0.002   
  +1_2447  10:28:14   00:58:09   9.652  1.509  1.238  1.044  1.226  2.266  19   9  0.003 0.006 0.013 0.004 0.002 0.004   
  G162_66  10:32:59  -11:37:02  13.015 -0.174 -0.982 -0.126 -0.136 -0.262  26  14  0.003 0.003 0.005 0.003 0.006 0.006   
  102_276  10:52:26  -00:57:56   9.910  0.492 -0.024  0.291  0.285  0.575  18  10  0.001 0.001 0.003 0.001 0.004 0.003   
  102_466  10:53:52  -00:50:40   9.246  1.056  0.921  0.563  0.506  1.069  16  10  0.002 0.002 0.003 0.002 0.002 0.002   
  102_472  10:54:04  -00:50:15   8.754  1.014  0.819  0.528  0.483  1.011  16   7  0.004 0.002 0.004 0.002 0.002 0.002   
  102_620  10:54:20  -00:43:31  10.067  1.087  1.013  0.642  0.523  1.167  18  11  0.002 0.002 0.003 0.002 0.002 0.002   
   102_58  10:54:32  -01:20:38   9.380  0.060  0.021  0.044  0.015  0.060  35  18  0.002 0.003 0.006 0.001 0.001 0.001   
  102_625  10:54:39  -00:43:57   8.890  0.552  0.035  0.312  0.308  0.621  16   8  0.005 0.002 0.003 0.002 0.002 0.003   
  102_381  10:55:55  -01:05:18   7.916  0.309  0.095  0.173  0.173  0.346  16   7  0.004 0.001 0.005 0.002 0.002 0.003   
 102_1081  10:56:19  -00:08:21   9.904  0.665  0.251  0.367  0.332  0.698  18  11  0.003 0.002 0.004 0.001 0.001 0.002   
  G163_50  11:07:14  -05:04:16  13.057  0.031 -0.676 -0.089 -0.072 -0.163  23  11  0.004 0.004 0.005 0.004 0.005 0.005   
    97503  11:12:29   04:33:32   8.702  1.178  1.121  0.720  0.596  1.317  16   9  0.004 0.004 0.005 0.002 0.002 0.002   
  +5_2468  11:14:46   05:02:20   9.348 -0.116 -0.560 -0.038 -0.054 -0.092  17  10  0.005 0.003 0.004 0.002 0.002 0.002   
   100340  11:32:03   05:21:40  10.117 -0.242 -0.975 -0.101 -0.137 -0.238  18  10  0.005 0.005 0.007 0.003 0.003 0.003   
  +5_2529  11:41:01   05:14:04   9.581  1.250  1.188  0.781  0.668  1.450  18  10  0.005 0.006 0.008 0.002 0.002 0.002   
  103_462  11:53:13  -00:26:48  10.111  0.564  0.089  0.324  0.306  0.630  15  10  0.003 0.002 0.003 0.001 0.002 0.002   
  103_483  11:54:15  -00:28:21   8.353  0.427  0.093  0.245  0.235  0.480  20  11  0.003 0.002 0.002 0.001 0.002 0.002   
  103_302  11:55:20  -00:42:54   9.862  0.369 -0.058  0.230  0.237  0.467  32  20  0.002 0.002 0.002 0.001 0.003 0.003   
  103_526  11:56:08  -00:25:13  10.903  1.089  0.941  0.563  0.509  1.073  17  11  0.003 0.004 0.004 0.001 0.001 0.001   
  104_306  12:40:18  -00:32:15   9.361  1.583  1.662  0.833  0.763  1.588  44  28  0.010 0.005 0.007 0.003 0.005 0.004   4
  104_337  12:41:42  -00:29:21  11.207  0.768  0.336  0.434  0.399  0.832  22  14  0.002 0.002 0.004 0.001 0.002 0.002   
  104_461  12:42:21  -00:27:26   9.706  0.478 -0.029  0.290  0.289  0.580  47  29  0.002 0.002 0.002 0.000 0.001 0.000   
  104_598  12:44:31  -00:11:42  11.476  1.108  1.052  0.663  0.546  1.211  21  14  0.003 0.002 0.006 0.003 0.002 0.003   
   118246  13:34:56  -06:04:55   8.089 -0.141 -0.636 -0.034 -0.047 -0.081  19  10  0.007 0.002 0.005 0.003 0.003 0.004   6
  105_205  13:35:07  -00:53:16   8.798  1.363  1.616  0.744  0.675  1.419  34  21  0.003 0.002 0.004 0.001 0.001 0.001   
  105_405  13:35:14  -00:30:00   8.309  1.521  1.905  0.832  0.784  1.617  27  14  0.004 0.001 0.007 0.001 0.002 0.002   
  105_214  13:35:30  -00:51:10   7.062  0.528 -0.010  0.313  0.311  0.624  17   8  0.003 0.002 0.004 0.002 0.002 0.003   
   105_28  13:35:58  -01:11:04   8.345  1.039  0.870  0.533  0.485  1.018  19  10  0.003 0.003 0.004 0.002 0.002 0.002   
  105_663  13:36:44  -00:08:41   8.760  0.342  0.033  0.211  0.217  0.429  18  10  0.005 0.002 0.003 0.002 0.002 0.002   
  105_448  13:37:02  -00:32:57   9.176  0.249  0.037  0.149  0.162  0.311  20  13  0.002 0.001 0.004 0.001 0.000 0.002   
   105_66  13:38:49  -01:08:53   9.426  0.977  0.756  0.522  0.481  1.003  31  19  0.002 0.002 0.003 0.001 0.000 0.001   
  105_815  13:39:18   00:02:23  11.456  0.387 -0.232  0.270  0.294  0.563  18  12  0.002 0.004 0.004 0.001 0.002 0.002   
  +2_2711  13:41:35   01:34:48  10.367 -0.162 -0.708 -0.070 -0.094 -0.165  25  13  0.004 0.004 0.004 0.003 0.003 0.003   
   121968  13:58:04  -02:50:54  10.256 -0.179 -0.935 -0.069 -0.095 -0.164  15   8  0.003 0.003 0.006 0.003 0.003 0.004   
  106_834  14:38:43  -00:11:00   9.088  0.701  0.292  0.379  0.357  0.736  15   8  0.003 0.002 0.005 0.005 0.004 0.003   
 106_1024  14:39:21   00:05:36  11.594  0.332  0.085  0.195  0.196  0.391  19  12  0.008 0.003 0.006 0.003 0.002 0.004   7
  106_700  14:40:06  -00:19:47   9.787  1.361  1.574  0.728  0.642  1.372  19  12  0.003 0.003 0.004 0.001 0.001 0.002   
 106_1250  14:40:41   00:10:06   8.123  1.029  0.832  0.532  0.494  1.026  15   8  0.004 0.002 0.004 0.001 0.001 0.002   
  106_575  14:40:53  -00:22:12   9.341  1.308  1.483  0.672  0.592  1.265  18   9  0.005 0.003 0.008 0.004 0.002 0.004   
  106_485  14:43:28  -00:33:20   9.484  0.380 -0.039  0.232  0.232  0.463  19  10  0.005 0.002 0.005 0.002 0.002 0.003   
   129975  14:44:51  -00:17:23   8.373  1.504  1.899  0.829  0.776  1.605  17   9  0.003 0.003 0.007 0.002 0.001 0.002   
  107_544  15:36:03  -00:12:14   9.037  0.401  0.156  0.233  0.226  0.457  37  22  0.002 0.001 0.002 0.001 0.001 0.001   
  107_684  15:36:31  -00:06:51   8.433  0.619  0.072  0.356  0.353  0.708  14   7  0.003 0.004 0.005 0.002 0.002 0.002   
  107_970  15:36:40   00:21:30  10.910  1.604  1.788  1.144  1.426  2.567  20  11  0.012 0.003 0.012 0.004 0.007 0.006   4
   107_35  15:36:42  -00:50:10   7.779  1.275  1.309  0.663  0.585  1.249  14   9  0.003 0.003 0.004 0.003 0.002 0.002   
 107_1006  15:37:48   00:17:16  11.715  0.764  0.285  0.440  0.420  0.861  16  10  0.002 0.002 0.004 0.002 0.002 0.002   
  107_347  15:37:50  -00:33:01   9.443  1.296  1.299  0.713  0.653  1.367  17  10  0.003 0.001 0.002 0.001 0.001 0.002   
  107_595  15:38:17  -00:15:40   7.500  0.543  0.051  0.312  0.297  0.608  16   9  0.003 0.003 0.005 0.002 0.002 0.002   
  107_131  15:39:38  -00:51:49   8.073  1.118  0.948  0.598  0.548  1.147  12   6  0.002 0.002 0.003 0.002 0.000 0.001   
   140850  15:45:11  -01:23:50   8.816  1.670  2.078  0.948  0.947  1.895  25  14  0.002 0.002 0.007 0.002 0.002 0.003   
   148817  16:29:55  -00:06:49   8.341  1.485  1.805  0.804  0.737  1.542  24  12  0.005 0.002 0.005 0.001 0.002 0.002   
   149382  16:33:36  -03:58:59   8.944 -0.281 -1.167 -0.126 -0.138 -0.264  16   8  0.002 0.005 0.011 0.002 0.003 0.002   
 108_1332  16:34:35  -00:02:18   9.199  0.384  0.087  0.228  0.228  0.454  33  19  0.002 0.001 0.002 0.001 0.001 0.002   
  108_702  16:35:12  -00:22:57   8.208  0.559  0.021  0.319  0.309  0.628  32  20  0.002 0.001 0.002 0.000 0.000 0.001   
  108_475  16:36:14  -00:32:53  11.308  1.379  1.464  0.741  0.665  1.408  21  12  0.002 0.003 0.006 0.002 0.002 0.002   
 108_1491  16:36:28  -00:00:54   9.059  0.965  0.620  0.524  0.498  1.022  38  24  0.001 0.001 0.002 0.001 0.001 0.001   
  108_827  16:36:36  -00:22:54   7.964  1.303  1.413  0.682  0.589  1.269  21  11  0.000 0.001 0.000 0.000 0.002 0.001   
  108_551  16:37:01  -00:31:19  10.705  0.175  0.180  0.097  0.109  0.204  51  31  0.002 0.001 0.005 0.001 0.002 0.003   
 108_1911  16:37:01   00:04:33   8.050  0.758  0.390  0.417  0.366  0.784  13   7  0.001 0.002 0.006 0.002 0.002 0.002   
   157881  17:25:05   02:10:12   7.540  1.356  1.276  0.854  0.768  1.622  20  11  0.005 0.007 0.002 0.002 0.002 0.002   
   160233  17:37:56   04:21:19   9.095 -0.054 -0.846 -0.003 -0.023 -0.026  16   9  0.004 0.003 0.008 0.002 0.002 0.003   
   109_71  17:43:20  -00:24:38  11.491  0.321  0.156  0.188  0.223  0.410  19  12  0.002 0.002 0.006 0.002 0.001 0.002   
  109_381  17:43:26  -00:20:12  11.728  0.701  0.231  0.426  0.437  0.863  19  11  0.003 0.004 0.003 0.002 0.001 0.002   
  109_747  17:44:05  -00:07:45   8.477  0.305  0.243  0.187  0.210  0.396  26  14  0.002 0.002 0.004 0.001 0.002 0.001   
  109_231  17:44:34  -00:25:31   9.331  1.462  1.600  0.786  0.705  1.492  50  27  0.002 0.002 0.004 0.000 0.000 0.001   
 109_1082  17:44:43   00:04:38   9.017  0.802  0.344  0.455  0.423  0.878  16   9  0.005 0.004 0.009 0.002 0.002 0.003   
  109_537  17:44:56  -00:21:15  10.358  0.608  0.229  0.377  0.393  0.769  42  24  0.004 0.002 0.003 0.001 0.001 0.002   
  +4_3508  17:46:49   04:50:24   9.326  1.753  2.077  0.974  0.900  1.874  14   8  0.005 0.004 0.015 0.002 0.001 0.003   
   161961  17:47:50  -02:11:27   7.782  0.224 -0.747  0.148  0.158  0.306  20  11  0.003 0.004 0.009 0.002 0.002 0.002   
  +4_3561  17:57:09   04:15:45   9.553  1.737  1.264  1.228  1.553  2.779   7   3  0.005 0.005 0.023 0.005 0.003 0.005   
   170493  18:29:05  -01:49:38   8.037  1.076  1.068  0.634  0.509  1.145  14   8  0.002 0.003 0.004 0.002 0.001 0.001   
  110_471  18:40:42   00:33:01   7.474  1.449  1.710  0.767  0.681  1.448  15   8  0.003 0.002 0.007 0.002 0.001 0.002   
  110_340  18:40:43   00:14:28  10.023  0.301  0.123  0.169  0.180  0.349  35  22  0.002 0.001 0.004 0.001 0.002 0.002   
  110_353  18:41:31   00:08:24   8.447  2.002  2.292  1.186  1.120  2.306  25  14  0.003 0.003 0.007 0.003 0.003 0.004   
  110_441  18:42:48   00:18:44  11.124  0.553  0.111  0.325  0.337  0.663  17  10  0.003 0.004 0.004 0.002 0.002 0.003   
  110_450  18:43:06   00:22:01  11.585  0.950  0.690  0.552  0.631  1.181  17  10  0.005 0.007 0.005 0.002 0.002 0.003   
   173637  18:45:50  -07:56:56   9.375  0.236 -0.729  0.168  0.187  0.354  15   9  0.004 0.004 0.004 0.002 0.002 0.002   
   175544  18:55:02   00:14:49   7.395  0.107 -0.671  0.074  0.077  0.151  19  11  0.002 0.003 0.008 0.002 0.002 0.002   
   184914  19:35:58  -04:19:26   8.170  1.180  0.940  0.636  0.604  1.241  20  12  0.001 0.002 0.004 0.001 0.001 0.002   
  111_717  19:36:09   00:05:29   8.529  0.425  0.224  0.236  0.247  0.483  15   8  0.003 0.003 0.005 0.002 0.002 0.002   
 111_2522  19:36:19   00:35:31   9.706  0.164 -0.409  0.121  0.140  0.267  21  11  0.005 0.003 0.004 0.005 0.002 0.002   
  111_773  19:36:30   00:08:56   8.963  0.206 -0.211  0.118  0.144  0.261  38  22  0.001 0.002 0.002 0.001 0.001 0.001   
  111_775  19:36:30   00:10:02  10.747  1.738  2.042  0.965  0.897  1.864  20  11  0.003 0.004 0.017 0.002 0.001 0.002   
 111_1969  19:36:58   00:23:44  10.384  1.961  2.304  1.181  1.223  2.405  20  11  0.004 0.003 0.010 0.003 0.002 0.003   
 111_2009  19:37:09   00:24:24  10.608  0.889  0.513  0.509  0.460  0.969  13   7  0.004 0.004 0.007 0.003 0.002 0.003   
 111_1496  19:37:36   00:18:39   7.216  0.278  0.113  0.154  0.166  0.319  13   7  0.001 0.002 0.006 0.001 0.002 0.002   
 111_2864  19:38:02   00:34:16   8.292  1.716  2.017  0.933  0.853  1.786  20  11  0.003 0.003 0.009 0.002 0.002 0.002   
   188934  19:56:52   00:11:51   9.351  2.040  2.102  0.942  0.787  1.731  20  10  0.013 0.021 0.031 0.003 0.002 0.003   4
   191639  20:10:22  -08:53:10   6.223 -0.087 -1.031  0.014  0.014  0.027  14   9  0.051 0.014 0.007 0.012 0.017 0.029   4,8
   196395  20:36:21  -00:33:12   8.711  1.662  2.059  0.933  0.926  1.859  18  11  0.002 0.002 0.005 0.002 0.002 0.003   
   196573  20:37:31   00:57:40   7.885  1.641  2.043  0.931  0.955  1.884  10   6  0.005 0.003 0.003 0.003 0.002 0.003   
  112_595  20:40:32   00:13:14  11.349  1.598  2.003  0.899  0.901  1.800  19  10  0.004 0.003 0.018 0.002 0.002 0.003   
  112_636  20:40:49   00:13:18   9.853  0.688  0.132  0.402  0.396  0.799  14   8  0.005 0.003 0.008 0.004 0.003 0.004   
  112_223  20:41:29   00:05:46  11.421  0.454  0.008  0.273  0.273  0.546  17  10  0.002 0.002 0.003 0.002 0.003 0.003   
 112_1242  20:41:38   00:23:29   9.088  0.414  0.019  0.251  0.250  0.501  16   9  0.002 0.003 0.003 0.001 0.002 0.002   
  112_275  20:41:50   00:04:05   9.905  1.206  1.298  0.647  0.570  1.217  38  23  0.002 0.002 0.004 0.001 0.001 0.001   
  112_805  20:42:00   00:12:52  12.090  0.150  0.151  0.063  0.075  0.138  20  11  0.003 0.002 0.004 0.003 0.003 0.004   
  112_822  20:42:09   00:11:48  11.550  1.031  0.871  0.558  0.505  1.064  18  10  0.002 0.004 0.007 0.001 0.002 0.002   
   199280  20:55:31  -03:37:10   6.566 -0.076 -0.306 -0.034 -0.043 -0.078  12   7  0.002 0.002 0.003 0.001 0.001 0.001   
   200340  21:02:14  -00:59:44   6.498 -0.099 -0.496 -0.037 -0.045 -0.083  10   6  0.003 0.002 0.002 0.002 0.002 0.002   
   205556  21:35:11   05:25:11   8.301 -0.054 -0.395 -0.021 -0.032 -0.053  18  10  0.004 0.003 0.003 0.002 0.002 0.002   
  113_442  21:39:54   00:40:37   9.650  1.163  1.251  0.605  0.517  1.123  12   7  0.003 0.003 0.006 0.003 0.003 0.003   
  113_466  21:40:42   00:36:06  10.007  0.452 -0.001  0.282  0.282  0.565  32  19  0.002 0.001 0.002 0.001 0.001 0.002   
  113_259  21:40:58   00:13:30  11.743  1.196  1.213  0.622  0.545  1.168  21  12  0.002 0.003 0.008 0.002 0.002 0.002   
  113_475  21:41:05   00:35:11  10.306  1.057  0.841  0.569  0.526  1.096  21  12  0.002 0.002 0.004 0.001 0.002 0.002   
  113_267  21:41:10   00:16:37   7.653  0.488  0.013  0.291  0.291  0.582  10   5  0.004 0.003 0.005 0.002 0.002 0.001   
  113_269  21:41:15   00:13:35   9.482  1.112  1.054  0.572  0.520  1.092  10   5  0.003 0.003 0.012 0.003 0.003 0.003   
  113_276  21:41:41   00:22:14   9.074  0.647  0.181  0.357  0.336  0.692  12   6  0.004 0.003 0.007 0.003 0.002 0.003   
  113_274  21:41:41   00:22:38   8.831  0.480  0.004  0.284  0.271  0.555  13   7  0.003 0.003 0.003 0.002 0.003 0.003   
   G93_48  21:51:39   02:19:17  12.736 -0.008 -0.790 -0.099 -0.096 -0.194  27  14  0.003 0.004 0.003 0.003 0.006 0.006   
   209796  22:05:16   01:18:36   8.933  1.187  1.173  0.621  0.557  1.178  19  11  0.003 0.002 0.006 0.002 0.002 0.002   
   210894  22:12:50  -04:38:19   9.167  1.315  1.462  0.697  0.605  1.304  17  10  0.003 0.003 0.007 0.002 0.002 0.003   
  114_531  22:39:51   00:47:14  12.094  0.732  0.170  0.422  0.405  0.827  18  10  0.001 0.003 0.005 0.001 0.002 0.002   
  114_548  22:40:51   00:54:24  11.600  1.362  1.572  0.732  0.652  1.385  19  11  0.005 0.003 0.009 0.002 0.001 0.003   
  114_750  22:40:59   01:07:54  11.913 -0.038 -0.357  0.030 -0.017  0.013  23  15  0.003 0.003 0.003 0.002 0.004 0.004   
  114_755  22:41:22   01:12:06  10.908  0.571 -0.064  0.311  0.310  0.621  16  11  0.002 0.002 0.002 0.002 0.001 0.002   
  114_670  22:41:24   01:05:34  11.106  1.203  1.220  0.645  0.578  1.224  13   8  0.001 0.002 0.006 0.002 0.002 0.002   
  114_473  22:41:38   00:41:32   8.503  1.008  0.807  0.532  0.483  1.015  11   6  0.002 0.004 0.006 0.002 0.003 0.003   
  114_172  22:42:03   00:09:10   6.969  0.311  0.105  0.187  0.189  0.376  15   9  0.003 0.002 0.006 0.001 0.002 0.002   
  114_272  22:42:11   00:19:37   7.737  0.864  0.473  0.480  0.462  0.941   9   5  0.002 0.003 0.008 0.002 0.003 0.002   
  114_176  22:42:24   00:16:32   9.242  1.490  1.854  0.804  0.719  1.524  40  26  0.002 0.002 0.004 0.000 0.000 0.001   
   216135  22:49:41  -13:23:12  10.112 -0.115 -0.630 -0.052 -0.069 -0.121  16   9  0.003 0.002 0.003 0.002 0.003 0.002   
   GD_246  23:11:35   10:42:08  13.090 -0.317 -1.188 -0.149 -0.185 -0.333  31  16  0.003 0.004 0.003 0.004 0.007 0.008   
    F_108  23:15:24  -01:55:32  12.966 -0.231 -1.058 -0.104 -0.138 -0.241  30  16  0.004 0.003 0.003 0.002 0.007 0.007   
  115_420  23:41:50   01:00:58  11.162  0.470 -0.033  0.287  0.295  0.581  16  10  0.002 0.002 0.003 0.002 0.002 0.002   
  115_271  23:41:55   00:40:10   9.695  0.619  0.099  0.352  0.350  0.700  47  28  0.001 0.002 0.002 0.001 0.000 0.001   
  115_427  23:42:28   01:01:46   8.857  1.168  1.140  0.618  0.551  1.169  15   8  0.003 0.003 0.008 0.002 0.002 0.002   
  115_349  23:42:29   00:49:15   8.600  1.066  0.869  0.557  0.507  1.066  11   6  0.003 0.002 0.004 0.002 0.002 0.002   
  115_516  23:43:29   01:09:13  10.433  1.030  0.759  0.563  0.535  1.099  20  12  0.002 0.002 0.002 0.001 0.001 0.002   
  +1_4774  23:48:16   02:20:39   9.003  1.434  1.128  0.971  1.075  2.043  14   9  0.002 0.007 0.018 0.002 0.001 0.002   
