     TPHE_A 00:30:09  -46:31:22  14.651  0.793  0.380  0.435  0.405  0.841  29  12  0.0028 0.0046 0.0071 0.0019 0.0035 0.0032
     TPHE_B 00:30:16  -46:27:55  12.334  0.405  0.156  0.262  0.271  0.535  29  17  0.0115 0.0026 0.0039 0.0020 0.0019 0.0035
     TPHE_C 00:30:17  -46:32:34  14.376 -0.298 -1.217 -0.148 -0.211 -0.360  39  23  0.0022 0.0024 0.0043 0.0038 0.0133 0.0149
     TPHE_D 00:30:18  -46:31:11  13.118  1.551  1.871  0.849  0.810  1.663  37  23  0.0033 0.0030 0.0118 0.0015 0.0023 0.0030
     TPHE_E 00:30:19  -46:24:36  11.630  0.443 -0.103  0.276  0.283  0.564  34   8  0.0017 0.0012 0.0024 0.0007 0.0015 0.0019
     TPHE_F 00:30:50  -46:33:33  12.474  0.855  0.532  0.492  0.435  0.926   5   3  0.0004 0.0058 0.0161 0.0004 0.0040 0.0036
     TPHE_G 00:31:05  -46:22:43  10.442  1.546  1.915  0.934  1.085  2.025   5   3  0.0004 0.0013 0.0036 0.0004 0.0009 0.0009
 PG0029+024 00:31:50  +02:38:26  15.268  0.362 -0.184  0.251  0.337  0.593   5   2  0.0094 0.0174 0.0112 0.0161 0.0125 0.0067
 PG0039+049 00:42:05  +05:09:44  12.877 -0.019 -0.871  0.067  0.097  0.164   4   3  0.0020 0.0030 0.0055 0.0035 0.0055 0.0045
     92_309 00:53:14  +00:46:02  13.842  0.513 -0.024  0.326  0.325  0.652   2   1  0.0035 0.0057 0.0028 0.0014 0.0035 0.0014
     92_235 00:53:16  +00:36:18  10.595  1.638  1.984  0.894  0.911  1.806   5   2  0.0058 0.0045 0.0098 0.0031 0.0045 0.0067
     92_322 00:53:47  +00:47:33  12.676  0.528 -0.002  0.302  0.305  0.608   2   1  0.0007 0.0049 0.0028 0.0014 0.0007 0.0007
     92_245 00:54:16  +00:39:51  13.818  1.418  1.189  0.929  0.907  1.836  21   8  0.0028 0.0079 0.0301 0.0024 0.0024 0.0028
     92_248 00:54:31  +00:40:15  15.346  1.128  1.289  0.690  0.553  1.245   4   2  0.0255 0.0160 0.0955 0.0215 0.0145 0.0175
     92_249 00:54:34  +00:41:05  14.325  0.699  0.240  0.399  0.370  0.770  17   8  0.0049 0.0085 0.0114 0.0046 0.0065 0.0073
     92_250 00:54:37  +00:38:56  13.178  0.814  0.480  0.446  0.394  0.840  20   9  0.0022 0.0034 0.0074 0.0022 0.0022 0.0029
     92_330 00:54:44  +00:43:26  15.073  0.568 -0.115  0.331  0.334  0.666   2   1  0.0141 0.0297 0.0163 0.0304 0.0000 0.0304
     92_252 00:54:48  +00:39:23  14.932  0.517 -0.140  0.326  0.332  0.666  41  18  0.0033 0.0055 0.0082 0.0047 0.0072 0.0068
     92_253 00:54:52  +00:40:20  14.085  1.131  0.955  0.719  0.616  1.337  39  17  0.0032 0.0062 0.0221 0.0027 0.0043 0.0050
     92_335 00:55:00  +00:44:13  12.523  0.672  0.208  0.380  0.338  0.719   2   1  0.0007 0.0028 0.0049 0.0000 0.0014 0.0014
     92_339 00:55:03  +00:44:11  15.579  0.449 -0.177  0.306  0.339  0.645  19   8  0.0087 0.0117 0.0126 0.0117 0.0197 0.0177
     92_342 00:55:10  +00:43:14  11.613  0.436 -0.042  0.266  0.270  0.538  48  34  0.0013 0.0012 0.0023 0.0013 0.0009 0.0016
     92_188 00:55:10  +00:23:12  14.751  1.050  0.751  0.679  0.573  1.254  14   6  0.0096 0.0187 0.0551 0.0051 0.0043 0.0088
     92_409 00:55:14  +00:56:07  10.627  1.138  1.136  0.734  0.625  1.361   5   3  0.0031 0.0027 0.0085 0.0022 0.0027 0.0018
     92_410 00:55:15  +01:01:49  14.984  0.398 -0.134  0.239  0.242  0.484  27  13  0.0058 0.0064 0.0083 0.0052 0.0102 0.0117
     92_412 00:55:16  +01:01:53  15.036  0.457 -0.152  0.285  0.304  0.589  27  13  0.0054 0.0077 0.0133 0.0069 0.0094 0.0106
     92_259 00:55:22  +00:40:30  14.997  0.642  0.108  0.370  0.452  0.821   3   1  0.0115 0.0219 0.0214 0.0191 0.0202 0.0150
     92_345 00:55:24  +00:51:07  15.216  0.745  0.121  0.465  0.476  0.941   2   1  0.0007 0.0014 0.0339 0.0057 0.0113 0.0057
     92_347 00:55:26  +00:50:49  15.752  0.543 -0.097  0.339  0.318  0.658   4   2  0.0255 0.0280 0.0355 0.0295 0.0755 0.0995
     92_260 00:55:29  +00:37:07  15.071  1.162  1.115  0.719  0.608  1.328   9   4  0.0090 0.0093 0.0477 0.0070 0.0057 0.0080
     92_348 00:55:30  +00:44:34  12.109  0.598  0.056  0.345  0.341  0.688   4   2  0.0010 0.0015 0.0035 0.0015 0.0005 0.0020
     92_417 00:55:32  +00:53:07  15.922  0.477 -0.185  0.351  0.305  0.657   6   3  0.0127 0.0188 0.0318 0.0151 0.0678 0.0625
     92_263 00:55:40  +00:36:18  11.782  1.048  0.843  0.563  0.522  1.087  52  35  0.0011 0.0014 0.0033 0.0010 0.0011 0.0015
     92_497 00:55:54  +01:11:42  13.642  0.729  0.257  0.404  0.378  0.783   1   1  0.0000 0.0000 0.0000 0.0000 0.0000 0.0000
     92_498 00:55:57  +01:10:40  14.408  1.010  0.794  0.648  0.531  1.181   1   1  0.0000 0.0000 0.0000 0.0000 0.0000 0.0000
     92_500 00:55:58  +01:10:24  15.841  1.003  0.211  0.738  0.599  1.338   1   1  0.0000 0.0000 0.0000 0.0000 0.0000 0.0000
     92_425 00:55:59  +00:52:58  13.941  1.191  1.173  0.755  0.627  1.384  36  19  0.0038 0.0067 0.0115 0.0023 0.0027 0.0038
     92_501 00:56:00  +01:10:52  12.958  0.610  0.068  0.345  0.331  0.677   1   1  0.0000 0.0000 0.0000 0.0000 0.0000 0.0000
     92_426 00:56:00  +00:52:53  14.466  0.729  0.184  0.412  0.396  0.809   8   4  0.0099 0.0131 0.0293 0.0078 0.0124 0.0120
     92_355 00:56:06  +00:50:47  14.965  1.164  1.201  0.759  0.645  1.406  15   7  0.0088 0.0124 0.0465 0.0070 0.0052 0.0090
     92_427 00:56:07  +01:00:18  14.953  0.809  0.352  0.462  2.922  3.275   2   1  0.0021 0.0085 0.0233 0.0014 0.0113 0.0092
     92_502 00:56:08  +01:04:24  11.812  0.486 -0.095  0.284  0.292  0.576   1   1  0.0000 0.0000 0.0000 0.0000 0.0000 0.0000
     92_430 00:56:16  +00:53:16  14.440  0.567 -0.040  0.338  0.338  0.676  35  18  0.0041 0.0052 0.0081 0.0029 0.0049 0.0051
     92_276 00:56:27  +00:41:53  12.036  0.629  0.067  0.368  0.357  0.726  21  11  0.0039 0.0022 0.0039 0.0031 0.0031 0.0052
     92_282 00:56:47  +00:38:29  12.969  0.318 -0.038  0.201  0.221  0.422  27  15  0.0031 0.0023 0.0044 0.0017 0.0023 0.0033
     92_508 00:56:51  +01:09:35  11.679  0.529 -0.047  0.318  0.320  0.639   3   2  0.0035 0.0046 0.0029 0.0058 0.0029 0.0029
     92_507 00:56:51  +01:05:58  11.332  0.932  0.688  0.507  0.461  0.969   3   2  0.0006 0.0046 0.0006 0.0012 0.0006 0.0012
     92_364 00:56:53  +00:44:02  11.673  0.607 -0.037  0.356  0.357  0.714   4   2  0.0015 0.0015 0.0085 0.0045 0.0010 0.0055
     92_433 00:56:54  +01:00:43  11.667  0.655  0.110  0.367  0.348  0.716   3   2  0.0006 0.0035 0.0115 0.0029 0.0017 0.0023
     92_288 00:57:17  +00:36:46  11.630  0.855  0.472  0.489  0.441  0.931  48  33  0.0014 0.0014 0.0022 0.0012 0.0009 0.0013
       F_11 01:04:22  +04:13:37  12.065 -0.240 -0.978 -0.120 -0.142 -0.261  63  47  0.0009 0.0011 0.0024 0.0011 0.0016 0.0021
       F_16 01:54:08  -06:42:54  12.406 -0.012  0.009 -0.003  0.002 -0.001  45  32  0.0013 0.0013 0.0027 0.0015 0.0018 0.0021
     93_407 01:54:37  +00:53:49  11.971  0.852  0.564  0.487  0.421  0.908   5   3  0.0027 0.0031 0.0134 0.0031 0.0036 0.0027
     93_317 01:54:38  +00:43:00  11.546  0.488 -0.055  0.293  0.298  0.592  37  28  0.0007 0.0008 0.0018 0.0007 0.0008 0.0008
     93_333 01:55:05  +00:45:44  12.011  0.832  0.436  0.469  0.422  0.892  38  28  0.0015 0.0018 0.0026 0.0010 0.0011 0.0016
     93_424 01:55:26  +00:56:43  11.620  1.083  0.943  0.554  0.502  1.058  40  29  0.0009 0.0014 0.0041 0.0008 0.0008 0.0008
      G3_33 02:00:09  +13:04:04  12.298  1.804  1.316  1.355  1.751  3.099  11   5  0.0030 0.0096 0.0145 0.0039 0.0045 0.0048
PG0220+132B 02:23:34  +13:28:07  14.216  0.937  0.319  0.562  0.496  1.058   3   2  0.0081 0.0375 0.0583 0.0058 0.0127 0.0069
 PG0220+132 02:23:38  +13:27:38  14.760 -0.132 -0.922 -0.050 -0.120 -0.170   5   3  0.0063 0.0112 0.0103 0.0098 0.0170 0.0264
PG0220+132A 02:23:39  +13:27:33  15.771  0.783 -0.339  0.514  0.481  0.995   3   2  0.0150 0.0699 0.0537 0.0110 0.0589 0.0479
       F_22 02:30:17  +05:15:51  12.799 -0.054 -0.806 -0.103 -0.105 -0.207  60  50  0.0014 0.0017 0.0030 0.0012 0.0028 0.0035
PG0231+051E 02:33:28  +05:19:44  13.804  0.677  0.201  0.390  0.369  0.757   3   2  0.0046 0.0040 0.0075 0.0035 0.0017 0.0023
PG0231+051D 02:33:33  +05:19:28  14.027  1.088  1.046  0.675  0.586  1.256   3   2  0.0029 0.0075 0.0312 0.0081 0.0064 0.0110
PG0231+051A 02:33:40  +05:17:38  12.772  0.710  0.270  0.405  0.394  0.799   7   4  0.0008 0.0015 0.0030 0.0011 0.0030 0.0030
PG0231+051C 02:33:41  +05:20:19  13.702  0.671  0.114  0.399  0.385  0.783   2   1  0.0014 0.0078 0.0148 0.0028 0.0064 0.0085
 PG0231+051 02:33:41  +05:18:40  16.105 -0.329 -1.192 -0.162 -0.371 -0.534   7   4  0.0068 0.0083 0.0045 0.0276 0.1066 0.1221
PG0231+051B 02:33:45  +05:17:30  14.735  1.448  1.342  0.954  0.998  1.951   7   4  0.0030 0.0072 0.0178 0.0034 0.0026 0.0057
       F_24 02:35:08  +03:43:57  12.411 -0.203 -1.169  0.090  0.364  0.451  76  65  0.0016 0.0011 0.0030 0.0015 0.0015 0.0021
     94_171 02:53:38  +00:17:19  12.659  0.817  0.304  0.480  0.483  0.964  18   9  0.0028 0.0035 0.0045 0.0035 0.0019 0.0038
     94_296 02:55:20  +00:28:14  12.255  0.750  0.235  0.415  0.387  0.803   2   1  0.0021 0.0014 0.0014 0.0021 0.0021 0.0000
     94_394 02:56:14  +00:35:10  12.273  0.545 -0.047  0.344  0.330  0.676   2   1  0.0028 0.0014 0.0014 0.0007 0.0014 0.0007
     94_401 02:56:31  +00:40:05  14.293  0.638  0.098  0.389  0.369  0.759   2   1  0.0014 0.0028 0.0120 0.0064 0.0035 0.0099
     94_242 02:57:21  +00:18:38  11.728  0.301  0.107  0.178  0.184  0.362  60  53  0.0012 0.0010 0.0022 0.0013 0.0010 0.0017
     94_251 02:57:46  +00:16:02  11.204  1.219  1.281  0.659  0.587  1.247  52  45  0.0010 0.0011 0.0033 0.0008 0.0007 0.0011
     94_702 02:58:13  +01:10:53  11.594  1.418  1.621  0.756  0.673  1.430  64  56  0.0010 0.0014 0.0046 0.0009 0.0009 0.0011
      GD_50 03:48:50  -00:58:33  14.063 -0.276 -1.191 -0.145 -0.180 -0.325  43  24  0.0032 0.0037 0.0056 0.0043 0.0076 0.0098
      95_15 03:52:40  -00:05:22  11.302  0.712  0.157  0.424  0.385  0.809   2   1  0.0007 0.0007 0.0035 0.0014 0.0014 0.0028
     95_301 03:52:41  +00:31:21  11.216  1.290  1.296  0.692  0.620  1.311  47  40  0.0015 0.0015 0.0048 0.0009 0.0007 0.0013
      95_16 03:52:41  -00:05:06  14.313  1.306  1.322  0.796  0.676  1.472   4   2  0.0120 0.0160 0.0310 0.0135 0.0060 0.0090
     95_302 03:52:42  +00:31:18  11.694  0.825  0.447  0.471  0.420  0.891  29  20  0.0020 0.0015 0.0056 0.0013 0.0011 0.0017
      95_96 03:52:54  +00:00:19  10.010  0.147  0.072  0.079  0.095  0.174  70  55  0.0016 0.0012 0.0032 0.0010 0.0011 0.0014
      95_97 03:52:57  -00:00:20  14.818  0.906  0.380  0.522  0.546  1.068   2   1  0.0007 0.0226 0.0212 0.0028 0.0191 0.0212
      95_98 03:53:00  +00:02:52  14.448  1.181  1.092  0.723  0.620  1.342   2   1  0.0007 0.0014 0.0177 0.0092 0.0071 0.0163
     95_100 03:53:01  +00:00:13  15.633  0.791  0.051  0.538  0.421  0.961   3   1  0.0283 0.0785 0.1132 0.0144 0.0572 0.0439
     95_101 03:53:04  +00:02:53  12.677  0.778  0.263  0.436  0.426  0.863   2   1  0.0028 0.0028 0.0099 0.0064 0.0064 0.0120
     95_102 03:53:07  +00:01:09  15.622  1.001  0.162  0.448  0.618  1.065   3   1  0.0335 0.0803 0.0612 0.0115 0.0508 0.0618
     95_252 03:53:11  +00:27:19  15.394  1.452  1.178  0.816  0.747  1.566   6   3  0.0065 0.0257 0.0433 0.0090 0.0086 0.0131
     95_190 03:53:13  +00:16:20  12.627  0.287  0.236  0.195  0.220  0.415  44  22  0.0020 0.0017 0.0039 0.0017 0.0015 0.0021
     95_193 03:53:20  +00:16:31  14.338  1.211  1.239  0.748  0.616  1.366  20  10  0.0049 0.0063 0.0255 0.0042 0.0034 0.0058
     95_105 03:53:21  -00:00:20  13.574  0.976  0.627  0.550  0.536  1.088   1   1  0.0000 0.0000 0.0000 0.0000 0.0000 0.0000
     95_107 03:53:25  +00:02:18  16.275  1.324  1.115  0.947  0.962  1.907   2   1  0.0035 0.1068 0.1732 0.0438 0.0226 0.0212
     95_106 03:53:25  +00:01:22  15.137  1.251  0.369  0.394  0.508  0.903   2   1  0.0064 0.0615 0.0240 0.1520 0.0127 0.1407
     95_112 03:53:40  -00:01:13  15.502  0.662  0.077  0.605  0.620  1.227   1   1  0.0000 0.0000 0.0000 0.0000 0.0000 0.0000
      95_41 03:53:41  -00:02:31  14.060  0.903  0.297  0.589  0.585  1.176   1   1  0.0000 0.0000 0.0000 0.0000 0.0000 0.0000
     95_317 03:53:44  +00:29:50  13.449  1.320  1.120  0.768  0.708  1.476  24  11  0.0035 0.0067 0.0131 0.0033 0.0012 0.0035
      95_42 03:53:44  -00:04:33  15.606 -0.215 -1.111 -0.119 -0.180 -0.300  41  18  0.0058 0.0073 0.0064 0.0075 0.0269 0.0276
     95_263 03:53:47  +00:26:38  12.679  1.500  1.559  0.801  0.711  1.513  19  10  0.0030 0.0034 0.0094 0.0023 0.0011 0.0028
     95_115 03:53:48  -00:00:48  14.680  0.836  0.096  0.577  0.579  1.157   1   1  0.0000 0.0000 0.0000 0.0000 0.0000 0.0000
      95_43 03:53:49  -00:03:01  10.803  0.510 -0.016  0.308  0.316  0.624  16  10  0.0022 0.0020 0.0027 0.0027 0.0018 0.0035
     95_271 03:54:17  +00:18:49  13.669  1.287  0.916  0.734  0.717  1.453  15   7  0.0057 0.0080 0.0127 0.0023 0.0023 0.0036
     95_328 03:54:19  +00:36:28  13.525  1.532  1.298  0.908  0.868  1.776  23  11  0.0029 0.0054 0.0186 0.0027 0.0015 0.0031
     95_329 03:54:24  +00:37:07  14.617  1.184  1.093  0.766  0.642  1.410  13   6  0.0047 0.0103 0.0311 0.0044 0.0094 0.0089
     95_330 03:54:31  +00:29:05  12.174  1.999  2.233  1.166  1.100  2.268  47  23  0.0025 0.0026 0.0137 0.0020 0.0016 0.0028
     95_275 03:54:44  +00:27:20  13.479  1.763  1.740  1.011  0.931  1.944  40  20  0.0028 0.0054 0.0201 0.0022 0.0016 0.0025
     95_276 03:54:46  +00:25:54  14.118  1.225  1.218  0.748  0.646  1.395  14   7  0.0061 0.0102 0.0216 0.0040 0.0032 0.0051
      95_60 03:54:49  -00:07:05  13.429  0.776  0.197  0.464  0.449  0.914  20  10  0.0031 0.0031 0.0060 0.0029 0.0025 0.0034
     95_218 03:54:50  +00:10:08  12.095  0.708  0.208  0.397  0.370  0.767  20  14  0.0034 0.0022 0.0034 0.0020 0.0020 0.0027
     95_132 03:54:51  +00:05:21  12.064  0.448  0.300  0.259  0.287  0.545  33  27  0.0023 0.0021 0.0057 0.0016 0.0017 0.0026
      95_62 03:55:00  -00:02:55  13.538  1.355  1.181  0.742  0.685  1.428  22  11  0.0030 0.0053 0.0136 0.0019 0.0019 0.0028
     95_137 03:55:04  +00:03:33  14.440  1.457  1.136  0.893  0.845  1.737   1   1  0.0000 0.0000 0.0000 0.0000 0.0000 0.0000
     95_139 03:55:05  +00:03:13  12.196  0.923  0.677  0.562  0.476  1.039   3   2  0.0017 0.0046 0.0191 0.0023 0.0017 0.0035
      95_66 03:55:07  -00:09:31  12.892  0.715  0.167  0.426  0.438  0.864   2   1  0.0021 0.0071 0.0035 0.0007 0.0057 0.0049
     95_227 03:55:08  +00:14:35  15.779  0.771  0.034  0.515  0.552  1.067  14   7  0.0118 0.0289 0.0417 0.0115 0.0107 0.0150
     95_142 03:55:09  +00:01:19  12.927  0.588  0.097  0.371  0.375  0.745  22  11  0.0030 0.0030 0.0036 0.0019 0.0017 0.0028
      95_74 03:55:31  -00:09:13  11.531  1.126  0.686  0.600  0.567  1.165  39  34  0.0016 0.0013 0.0035 0.0013 0.0010 0.0013
     95_231 03:55:39  +00:10:43  14.216  0.452  0.297  0.270  0.290  0.560  26  13  0.0043 0.0045 0.0071 0.0045 0.0053 0.0076
     95_284 03:55:42  +00:26:34  13.669  1.398  1.073  0.818  0.766  1.586  20   9  0.0040 0.0078 0.0239 0.0027 0.0036 0.0049
     95_149 03:55:44  +00:07:05  10.938  1.593  1.564  0.874  0.811  1.685  17  11  0.0051 0.0039 0.0095 0.0024 0.0017 0.0029
     95_285 03:55:46  +00:23:40  15.561  0.937  0.703  0.607  0.602  1.210   2   1  0.0071 0.0255 0.0636 0.0071 0.0064 0.0134
     95_236 03:56:13  +00:08:43  11.491  0.736  0.162  0.420  0.411  0.831  35  31  0.0010 0.0014 0.0035 0.0012 0.0008 0.0015
      96_21 04:51:16  -00:14:51  12.182  0.490 -0.004  0.299  0.297  0.598   2   1  0.0028 0.0007 0.0028 0.0057 0.0014 0.0035
      96_36 04:51:43  -00:10:12  10.591  0.247  0.118  0.134  0.136  0.271  34  24  0.0014 0.0012 0.0034 0.0009 0.0009 0.0015
     96_737 04:52:35  +00:22:29  11.716  1.334  1.160  0.733  0.695  1.428  35  26  0.0020 0.0019 0.0052 0.0010 0.0009 0.0014
     96_409 04:52:58  +00:09:04  13.778  0.543  0.042  0.340  0.340  0.682   2   1  0.0106 0.0007 0.0240 0.0085 0.0049 0.0127
      96_83 04:52:59  -00:14:44  11.719  0.179  0.202  0.093  0.097  0.190  37  26  0.0013 0.0010 0.0046 0.0010 0.0013 0.0016
     96_235 04:53:19  -00:05:04  11.140  1.074  0.898  0.559  0.510  1.068  32  22  0.0014 0.0011 0.0028 0.0007 0.0009 0.0009
     G97_42 05:28:01  +09:39:07  12.443  1.639  1.259  1.171  1.485  2.655  23  11  0.0017 0.0035 0.0186 0.0025 0.0031 0.0033
    G102_22 05:42:05  +12:30:14  11.509  1.621  1.134  1.211  1.590  2.800  20  10  0.0013 0.0027 0.0074 0.0034 0.0031 0.0042
      GD_71 05:52:28  +15:53:15  13.032 -0.249 -1.107 -0.137 -0.164 -0.302  86  73  0.0014 0.0013 0.0023 0.0014 0.0021 0.0026
     97_249 05:57:07  +00:01:12  11.733  0.648  0.100  0.369  0.353  0.723  69  62  0.0010 0.0008 0.0014 0.0006 0.0007 0.0010
      97_42 05:57:09  -00:11:13  12.448  1.626  1.208  1.160  1.485  2.641   2   1  0.0057 0.0156 0.0127 0.0071 0.0021 0.0057
     97_345 05:57:26  +00:20:26  11.608  1.655  1.680  0.928  0.844  1.771  23  14  0.0027 0.0040 0.0156 0.0021 0.0015 0.0029
     97_351 05:57:37  +00:13:42   9.781  0.202  0.096  0.124  0.141  0.264 102  83  0.0009 0.0008 0.0020 0.0007 0.0008 0.0010
      97_75 05:57:55  -00:09:29  11.483  1.872  2.100  1.047  0.952  1.999  20  12  0.0038 0.0047 0.0101 0.0029 0.0016 0.0038
     97_284 05:58:25  +00:05:12  10.788  1.363  1.087  0.774  0.725  1.500  77  68  0.0009 0.0010 0.0022 0.0007 0.0006 0.0010
     97_224 05:58:44  -00:05:13  14.085  0.910  0.341  0.553  0.547  1.102   2   1  0.0127 0.0177 0.0049 0.0120 0.0127 0.0000
     98_961 06:51:27  -00:15:37  13.089  1.283  1.003  0.701  0.662  1.362   2   1  0.0021 0.0007 0.0014 0.0021 0.0000 0.0021
     98_966 06:51:29  -00:16:27  14.001  0.469  0.357  0.283  0.331  0.613   2   1  0.0035 0.0014 0.0021 0.0014 0.0191 0.0205
     98_556 06:51:30  -00:24:52  14.137  0.338  0.126  0.196  0.243  0.437   6   3  0.0053 0.0053 0.0131 0.0057 0.0045 0.0090
     98_557 06:51:30  -00:25:07  14.780  1.397  1.072  0.755  0.741  1.494   2   1  0.0007 0.0544 0.0269 0.0092 0.0297 0.0198
     98_562 06:51:31  -00:18:59  12.185  0.522 -0.002  0.305  0.303  0.607   2   1  0.0028 0.0049 0.0035 0.0014 0.0014 0.0000
     98_563 06:51:32  -00:26:26  14.162  0.416 -0.190  0.294  0.317  0.610  10   5  0.0051 0.0085 0.0073 0.0044 0.0079 0.0082
     98_978 06:51:34  -00:11:28  10.572  0.609  0.094  0.349  0.322  0.671  46  38  0.0015 0.0009 0.0016 0.0007 0.0009 0.0012
      98_L1 06:51:39  -00:26:38  15.672  1.243  0.776  0.730  0.712  1.445   3   2  0.0075 0.0462 0.0976 0.0110 0.0254 0.0318
      98_L2 06:51:40  -00:21:11  15.859  1.340  1.497  0.754  0.572  1.327   1   1  0.0000 0.0000 0.0000 0.0000 0.0000 0.0000
     98_581 06:51:40  -00:25:43  14.556  0.238  0.161  0.118  0.244  0.361   7   3  0.0246 0.0280 0.0200 0.0193 0.0197 0.0155
     98_580 06:51:40  -00:26:43  14.728  0.367  0.303  0.241  0.305  0.547   4   2  0.0255 0.0185 0.0185 0.0125 0.0460 0.0395
      98_L3 06:51:42  -00:15:18  14.614  1.936  1.837  1.091  1.047  2.142   4   2  0.0145 0.0265 0.1450 0.0090 0.0070 0.0110
      98_L4 06:51:42  -00:16:35  16.332  1.344  1.086  0.936  0.785  1.726   2   2  0.0580 0.0325 0.3429 0.0205 0.0368 0.0580
    98_1002 06:51:43  -00:15:53  14.568  0.574 -0.027  0.354  0.379  0.733   4   2  0.0055 0.0065 0.0110 0.0070 0.0125 0.0130
     98_590 06:51:43  -00:22:21  14.642  1.352  0.853  0.753  0.747  1.500   4   2  0.0110 0.0120 0.0525 0.0050 0.0105 0.0135
     98_614 06:51:49  -00:20:34  15.674  1.063  0.399  0.834  0.645  1.480   2   1  0.0424 0.0474 0.0311 0.0226 0.0368 0.0580
     98_618 06:51:50  -00:21:17  12.723  2.192  2.144  1.254  1.151  2.407  14   7  0.0051 0.0075 0.0307 0.0035 0.0032 0.0045
     98_624 06:51:52  -00:20:16  13.811  0.791  0.394  0.417  0.404  0.822   2   1  0.0141 0.0240 0.0042 0.0014 0.0212 0.0198
     98_626 06:51:53  -00:20:46  14.758  1.406  1.067  0.806  0.816  1.624   2   1  0.0071 0.0028 0.0438 0.0092 0.0205 0.0113
     98_627 06:51:53  -00:22:03  14.900  0.689  0.078  0.428  0.387  0.817   2   1  0.0064 0.0170 0.0085 0.0007 0.0127 0.0127
     98_634 06:51:56  -00:20:57  14.608  0.647  0.123  0.382  0.372  0.757   2   1  0.0042 0.0049 0.0127 0.0113 0.0177 0.0064
     98_642 06:51:59  -00:21:33  15.290  0.571  0.318  0.302  0.393  0.697   2   1  0.0191 0.0453 0.0120 0.0198 0.0021 0.0177
     98_185 06:52:02  -00:27:21  10.536  0.202  0.113  0.109  0.124  0.231  45  37  0.0018 0.0009 0.0033 0.0010 0.0013 0.0018
     98_646 06:52:03  -00:21:18  15.839  1.060  1.426  0.583  0.504  1.090   1   1  0.0000 0.0000 0.0000 0.0000 0.0000 0.0000
     98_193 06:52:04  -00:27:18  10.030  1.180  1.152  0.615  0.537  1.153  44  35  0.0015 0.0008 0.0023 0.0011 0.0008 0.0015
     98_653 06:52:05  -00:18:19   9.539 -0.004 -0.099  0.009  0.008  0.017  65  50  0.0014 0.0004 0.0009 0.0007 0.0007 0.0011
     98_650 06:52:05  -00:19:40  12.271  0.157  0.110  0.080  0.086  0.166  31  20  0.0020 0.0014 0.0041 0.0016 0.0022 0.0027
     98_652 06:52:05  -00:21:58  14.817  0.611  0.126  0.276  0.339  0.618   2   1  0.0113 0.0297 0.0177 0.0453 0.0240 0.0226
     98_666 06:52:10  -00:23:34  12.732  0.164 -0.004  0.091  0.108  0.200  25  14  0.0034 0.0028 0.0042 0.0042 0.0030 0.0048
     98_671 06:52:12  -00:18:22  13.385  0.968  0.719  0.575  0.494  1.071  27  15  0.0037 0.0048 0.0108 0.0033 0.0035 0.0046
     98_670 06:52:12  -00:19:17  11.930  1.356  1.313  0.723  0.653  1.375  32  19  0.0016 0.0018 0.0058 0.0018 0.0012 0.0023
     98_676 06:52:14  -00:19:21  13.068  1.146  0.666  0.683  0.673  1.352  17   8  0.0032 0.0041 0.0107 0.0015 0.0218 0.0032
     98_675 06:52:14  -00:19:41  13.398  1.909  1.936  1.082  1.002  2.085  44  21  0.0026 0.0035 0.0283 0.0018 0.0018 0.0024
      98_L5 06:52:16  -00:19:39  17.800  1.900 -0.100  3.100  2.600  5.800   6   3  0.1633 0.3266 0.4491 0.1225 0.0408 0.1225
     98_682 06:52:17  -00:19:42  13.749  0.632  0.098  0.366  0.352  0.717  13   7  0.0039 0.0039 0.0064 0.0017 0.0025 0.0039
     98_685 06:52:19  -00:20:19  11.954  0.463  0.096  0.290  0.280  0.570  22  14  0.0030 0.0021 0.0028 0.0023 0.0021 0.0034
     98_688 06:52:19  -00:23:34  12.754  0.293  0.245  0.158  0.180  0.337  21  11  0.0033 0.0024 0.0081 0.0037 0.0050 0.0074
    98_1082 06:52:20  -00:14:15  15.010  0.835 -0.001  0.485  0.619  1.102   3   1  0.0058 0.0139 0.0225 0.0029 0.0133 0.0162
    98_1087 06:52:21  -00:15:50  14.439  1.595  1.284  0.928  0.882  1.812  12   5  0.0040 0.0141 0.0592 0.0035 0.0049 0.0072
    98_1102 06:52:28  -00:13:43  12.113  0.314  0.089  0.193  0.195  0.388  15   8  0.0034 0.0026 0.0059 0.0026 0.0036 0.0052
    98_1112 06:52:35  -00:15:23  13.975  0.814  0.286  0.443  0.431  0.874   5   2  0.0067 0.0040 0.0152 0.0054 0.0031 0.0076
    98_1119 06:52:37  -00:14:33  11.878  0.551  0.069  0.312  0.299  0.611   7   4  0.0023 0.0038 0.0042 0.0019 0.0042 0.0045
    98_1124 06:52:38  -00:16:34  13.707  0.315  0.258  0.173  0.201  0.373  24  12  0.0035 0.0043 0.0080 0.0029 0.0051 0.0057
    98_1122 06:52:38  -00:17:05  14.090  0.595 -0.297  0.376  0.442  0.816  25  12  0.0034 0.0060 0.0074 0.0038 0.0028 0.0046
     98_724 06:52:38  -00:19:22  11.118  1.104  0.904  0.575  0.527  1.103  12   7  0.0035 0.0035 0.0052 0.0023 0.0023 0.0038
     98_733 06:52:40  -00:17:16  12.238  1.285  1.087  0.698  0.650  1.347  20  10  0.0034 0.0042 0.0060 0.0029 0.0022 0.0040
    RU_149G 07:24:12  -00:31:46  12.829  0.541  0.033  0.322  0.322  0.645  18  12  0.0026 0.0040 0.0042 0.0021 0.0026 0.0040
    RU_149A 07:24:14  -00:32:44  14.495  0.298  0.118  0.196  0.196  0.391  18  12  0.0066 0.0052 0.0111 0.0099 0.0085 0.0139
    RU_149F 07:24:15  -00:30:58  13.471  1.115  1.025  0.594  0.538  1.132  19  11  0.0028 0.0078 0.0223 0.0021 0.0023 0.0034
     RU_149 07:24:15  -00:32:55  13.866 -0.129 -0.779 -0.040 -0.068 -0.108  46  30  0.0022 0.0027 0.0031 0.0022 0.0062 0.0069
    RU_149D 07:24:16  -00:32:38  11.480 -0.037 -0.287  0.021  0.008  0.029  18  11  0.0019 0.0021 0.0028 0.0012 0.0019 0.0024
    RU_149C 07:24:18  -00:32:17  14.425  0.195  0.141  0.093  0.127  0.222  18  11  0.0052 0.0042 0.0111 0.0061 0.0099 0.0106
    RU_149B 07:24:18  -00:32:58  12.642  0.662  0.151  0.374  0.354  0.728  15  10  0.0021 0.0034 0.0049 0.0018 0.0026 0.0028
    RU_149E 07:24:19  -00:31:08  13.718  0.522 -0.007  0.321  0.314  0.637  12   8  0.0064 0.0049 0.0069 0.0035 0.0066 0.0087
    RU_152F 07:29:51  -02:04:29  14.564  0.635  0.069  0.382  0.315  0.689  15   8  0.0052 0.0057 0.0096 0.0067 0.0176 0.0222
    RU_152E 07:29:51  -02:05:09  12.362  0.042 -0.086  0.030  0.034  0.065  12   8  0.0014 0.0020 0.0020 0.0014 0.0023 0.0029
     RU_152 07:29:55  -02:06:18  13.014 -0.190 -1.073 -0.057 -0.087 -0.145  40  25  0.0019 0.0024 0.0032 0.0024 0.0030 0.0038
    RU_152B 07:29:56  -02:05:39  15.019  0.500  0.022  0.290  0.309  0.600  23  10  0.0046 0.0088 0.0181 0.0054 0.0175 0.0211
    RU_152A 07:29:57  -02:06:02  14.341  0.543 -0.085  0.325  0.329  0.654  14   8  0.0061 0.0086 0.0168 0.0051 0.0094 0.0131
    RU_152C 07:29:59  -02:05:18  12.222  0.573 -0.013  0.342  0.340  0.683  13   9  0.0025 0.0031 0.0033 0.0022 0.0019 0.0031
    RU_152D 07:30:03  -02:04:16  11.076  0.875  0.491  0.473  0.449  0.921  14  10  0.0013 0.0016 0.0024 0.0011 0.0019 0.0019
     99_438 07:55:54  -00:16:51   9.398 -0.155 -0.725 -0.059 -0.081 -0.141 105  87  0.0014 0.0007 0.0014 0.0007 0.0007 0.0009
     99_447 07:56:07  -00:20:43   9.417 -0.067 -0.225 -0.032 -0.041 -0.074  70  59  0.0008 0.0008 0.0014 0.0008 0.0008 0.0011
    100_241 08:52:35  -00:39:48  10.139  0.157  0.101  0.078  0.085  0.163  53  43  0.0011 0.0007 0.0016 0.0005 0.0005 0.0008
    100_162 08:53:15  -00:43:29   9.150  1.276  1.497  0.649  0.553  1.203  72  53  0.0012 0.0011 0.0026 0.0006 0.0007 0.0009
    100_267 08:53:18  -00:41:31  13.027  0.485 -0.062  0.307  0.302  0.608   3   3  0.0069 0.0023 0.0133 0.0075 0.0040 0.0040
    100_269 08:53:19  -00:41:10  12.350  0.547 -0.040  0.335  0.331  0.666   3   3  0.0035 0.0029 0.0150 0.0035 0.0029 0.0017
    100_280 08:53:36  -00:36:41  11.799  0.494 -0.002  0.295  0.291  0.588  58  47  0.0008 0.0009 0.0014 0.0008 0.0008 0.0012
    100_394 08:53:55  -00:32:21  11.384  1.317  1.457  0.705  0.636  1.341   9   5  0.0080 0.0040 0.0087 0.0023 0.0027 0.0030
PG0918+029D 09:21:22  +02:47:30  12.272  1.044  0.821  0.575  0.535  1.108  19  11  0.0021 0.0030 0.0071 0.0016 0.0018 0.0018
 PG0918+029 09:21:28  +02:46:03  13.327 -0.271 -1.081 -0.129 -0.159 -0.288  45  27  0.0024 0.0024 0.0030 0.0019 0.0055 0.0063
PG0918+029B 09:21:34  +02:48:01  13.963  0.765  0.366  0.417  0.370  0.787  20  11  0.0034 0.0072 0.0159 0.0025 0.0045 0.0056
PG0918+029A 09:21:35  +02:46:20  14.490  0.536 -0.032  0.325  0.336  0.661  29  14  0.0033 0.0058 0.0095 0.0039 0.0076 0.0085
PG0918+029C 09:21:42  +02:46:38  13.537  0.631  0.087  0.367  0.357  0.722  21  10  0.0020 0.0028 0.0048 0.0015 0.0022 0.0028
   -12_2918 09:31:18  -13:29:20  10.067  1.501  1.166  1.067  1.318  2.385  13   9  0.0025 0.0028 0.0075 0.0039 0.0022 0.0042
PG0942-029D 09:45:10  -03:05:53  13.707  0.564  0.129  0.348  0.343  0.687   1   1  0.0000 0.0000 0.0000 0.0000 0.0000 0.0000
PG0942-029A 09:45:10  -03:10:17  14.731  0.783  0.339  0.610  0.477  1.081   1   1  0.0000 0.0000 0.0000 0.0000 0.0000 0.0000
PG0942-029B 09:45:12  -03:06:57  14.108  0.525  0.085  0.368  0.333  0.697   1   1  0.0000 0.0000 0.0000 0.0000 0.0000 0.0000
 PG0942-029 09:45:12  -03:09:24  14.004 -0.294 -1.175 -0.130 -0.149 -0.280  14   7  0.0045 0.0056 0.0069 0.0069 0.0120 0.0144
PG0942-029C 09:45:15  -03:06:39  14.989  0.727  0.369  0.539  0.376  0.909   1   1  0.0000 0.0000 0.0000 0.0000 0.0000 0.0000
    101_315 09:54:51  -00:27:28  11.249  1.153  1.056  0.612  0.559  1.172  19  11  0.0037 0.0018 0.0067 0.0016 0.0011 0.0021
    101_316 09:54:52  -00:18:32  11.552  0.493  0.032  0.293  0.291  0.584  17  10  0.0027 0.0024 0.0036 0.0019 0.0029 0.0032
     101_L1 09:55:29  -00:21:37  16.501  0.757 -0.104  0.421  0.527  0.947   4   1  0.0310 0.0340 0.0290 0.0225 0.0855 0.1070
    101_320 09:55:33  -00:22:31  13.823  1.052  0.690  0.581  0.561  1.141  11   7  0.0048 0.0103 0.0181 0.0039 0.0036 0.0045
     101_L2 09:55:35  -00:18:48  15.770  0.602  0.082  0.321  0.304  0.625   1   1  0.0000 0.0000 0.0000 0.0000 0.0000 0.0000
    101_404 09:55:41  -00:18:21  13.459  0.996  0.697  0.530  0.500  1.029  12   7  0.0040 0.0078 0.0095 0.0049 0.0032 0.0055
    101_324 09:55:57  -00:23:14   9.742  1.161  1.148  0.591  0.519  1.110  56  43  0.0015 0.0009 0.0020 0.0007 0.0007 0.0011
    101_262 09:56:08  -00:29:48  14.295  0.784  0.297  0.440  0.387  0.827   4   2  0.0045 0.0160 0.0205 0.0075 0.0100 0.0035
    101_408 09:56:08  -00:12:40  14.785  1.200  1.347  0.718  0.603  1.321   2   1  0.0240 0.0438 0.0170 0.0170 0.0120 0.0297
    101_326 09:56:08  -00:27:08  14.923  0.729  0.227  0.406  0.375  0.780  13   6  0.0078 0.0094 0.0128 0.0055 0.0111 0.0122
    101_410 09:56:09  -00:14:02  13.646  0.546 -0.063  0.298  0.326  0.623   2   1  0.0085 0.0014 0.0021 0.0106 0.0035 0.0064
    101_327 09:56:09  -00:25:50  13.441  1.155  1.139  0.717  0.574  1.290  28  15  0.0032 0.0057 0.0098 0.0023 0.0017 0.0028
    101_413 09:56:14  -00:11:56  12.583  0.983  0.716  0.529  0.497  1.025   9   6  0.0023 0.0047 0.0103 0.0033 0.0040 0.0040
    101_268 09:56:19  -00:31:55  14.380  1.531  1.381  1.040  1.200  2.237  11   5  0.0078 0.0199 0.0769 0.0048 0.0036 0.0045
    101_330 09:56:21  -00:27:19  13.723  0.577 -0.026  0.346  0.338  0.684  28  14  0.0038 0.0038 0.0051 0.0028 0.0057 0.0064
    101_415 09:56:23  -00:16:52  15.259  0.577 -0.008  0.346  0.350  0.695   2   1  0.0028 0.0247 0.0021 0.0198 0.0134 0.0332
    101_270 09:56:27  -00:35:43  13.711  0.554  0.055  0.332  0.306  0.637   2   1  0.0000 0.0014 0.0127 0.0049 0.0071 0.0014
    101_278 09:56:55  -00:29:38  15.494  1.041  0.737  0.596  0.548  1.144   2   1  0.0184 0.0226 0.0269 0.0198 0.0148 0.0346
     101_L3 09:56:55  -00:30:27  15.953  0.637 -0.033  0.396  0.395  0.792   2   1  0.0233 0.0184 0.0707 0.0382 0.0488 0.0870
    101_281 09:57:05  -00:31:38  11.575  0.812  0.419  0.452  0.412  0.864  19  11  0.0037 0.0018 0.0048 0.0023 0.0011 0.0025
     101_L4 09:57:08  -00:31:28  16.264  0.793  0.362  0.578  0.062  0.644   2   1  0.0170 0.0141 0.0014 0.0191 0.2638 0.2807
     101_L5 09:57:11  -00:31:37  15.928  0.622  0.115  0.414  0.305  0.720   2   1  0.0106 0.0283 0.0863 0.0078 0.0134 0.0212
    101_421 09:57:16  -00:17:16  13.180  0.507 -0.031  0.327  0.296  0.623   2   1  0.0021 0.0021 0.0035 0.0021 0.0007 0.0014
    101_338 09:57:18  -00:20:59  13.788  0.634  0.024  0.350  0.340  0.691   2   1  0.0071 0.0071 0.0042 0.0021 0.0035 0.0014
    101_339 09:57:18  -00:25:00  14.449  0.850  0.501  0.458  0.398  0.857   2   1  0.0099 0.0085 0.0099 0.0240 0.0042 0.0290
    101_424 09:57:20  -00:16:26  15.058  0.764  0.273  0.429  0.425  0.855   2   1  0.0276 0.0389 0.0191 0.0226 0.0205 0.0431
    101_427 09:57:26  -00:17:16  14.964  0.805  0.321  0.484  0.369  0.854   2   1  0.0269 0.0297 0.0014 0.0247 0.0113 0.0368
    101_341 09:57:30  -00:21:52  14.342  0.575  0.059  0.332  0.309  0.641   2   1  0.0113 0.0141 0.0071 0.0007 0.0078 0.0071
    101_342 09:57:31  -00:21:49  15.556  0.529 -0.065  0.339  0.419  0.758   2   1  0.0141 0.0085 0.0085 0.0240 0.0021 0.0226
    101_343 09:57:31  -00:22:54  15.504  0.606  0.094  0.396  0.338  0.734   2   1  0.0276 0.0488 0.0177 0.0226 0.0255 0.0481
    101_429 09:57:32  -00:18:17  13.496  0.980  0.782  0.617  0.526  1.143  23  13  0.0039 0.0019 0.0060 0.0017 0.0020 0.0030
    101_431 09:57:37  -00:17:51  13.684  1.246  1.144  0.808  0.708  1.517  23  13  0.0056 0.0063 0.0102 0.0033 0.0029 0.0042
     101_L6 09:57:39  -00:17:52  16.497  0.711  0.183  0.445  0.583  1.024   2   1  0.0219 0.0092 0.0311 0.0113 0.1648 0.1732
    101_207 09:57:53  -00:47:35  12.419  0.515 -0.078  0.321  0.320  0.641  22  14  0.0028 0.0038 0.0062 0.0017 0.0019 0.0023
    101_363 09:58:19  -00:25:23   9.874  0.261  0.129  0.146  0.151  0.297  53  44  0.0012 0.0008 0.0025 0.0008 0.0008 0.0011
     GD_108 10:00:47  -07:33:31  13.561 -0.215 -0.942 -0.098 -0.122 -0.220  21  12  0.0028 0.0041 0.0039 0.0041 0.0050 0.0055
    G162_66 10:33:43  -11:40:39  13.012 -0.165 -0.996 -0.126 -0.141 -0.266  80  64  0.0015 0.0013 0.0022 0.0010 0.0020 0.0025
     G44_27 10:36:02  +05:07:11  12.636  1.586  1.088  1.185  1.526  2.714   8   4  0.0120 0.0106 0.0106 0.0046 0.0039 0.0032
 PG1034+001 10:37:04  -00:08:20  13.228 -0.365 -1.274 -0.155 -0.203 -0.359  33  16  0.0024 0.0024 0.0033 0.0026 0.0042 0.0054
     G163_6 10:42:55  +02:47:22  14.706  1.550  1.228  1.090  1.384  2.478   4   3  0.0070 0.0115 0.0655 0.0090 0.0015 0.0085
 PG1047+003 10:50:03  -00:00:32  13.474 -0.290 -1.121 -0.132 -0.162 -0.295  32  18  0.0039 0.0030 0.0041 0.0037 0.0088 0.0110
PG1047+003A 10:50:06  -00:01:08  13.512  0.688  0.168  0.422  0.418  0.840  15   7  0.0046 0.0049 0.0067 0.0026 0.0026 0.0036
PG1047+003B 10:50:09  -00:02:00  14.751  0.679  0.172  0.391  0.371  0.764  13   5  0.0050 0.0086 0.0128 0.0022 0.0080 0.0086
PG1047+003C 10:50:18  -00:00:23  12.453  0.607 -0.019  0.378  0.358  0.737  11   6  0.0093 0.0024 0.0060 0.0036 0.0033 0.0045
     G44_40 10:50:54  +06:48:57  11.675  1.644  1.213  1.216  1.568  2.786  13   6  0.0033 0.0031 0.0092 0.0031 0.0017 0.0039
    102_620 10:55:06  -00:48:19  10.069  1.083  1.020  0.642  0.524  1.167  54  45  0.0010 0.0010 0.0018 0.0011 0.0008 0.0012
     G45_20 10:56:38  +07:02:23  13.507  2.034  1.165  1.823  2.174  4.000  19  10  0.0060 0.0069 0.0346 0.0073 0.0025 0.0062
   102_1081 10:57:04  -00:13:10   9.903  0.664  0.255  0.366  0.333  0.698  58  50  0.0009 0.0009 0.0017 0.0008 0.0008 0.0011
    G163_27 10:57:35  -07:31:23  14.338  0.288 -0.548  0.206  0.210  0.417  26  15  0.0055 0.0047 0.0065 0.0041 0.0075 0.0082
    G163_50 11:08:00  -05:09:26  13.059  0.035 -0.688 -0.085 -0.072 -0.159  54  41  0.0014 0.0020 0.0023 0.0012 0.0020 0.0027
    G163_51 11:08:07  -05:13:47  12.576  1.506  1.228  1.084  1.359  2.441  29  16  0.0046 0.0046 0.0182 0.0019 0.0035 0.0041
     G10_50 11:47:44  +00:48:55  11.153  1.752  1.318  1.294  1.673  2.969  14   7  0.0024 0.0024 0.0078 0.0037 0.0021 0.0037
    103_302 11:56:06  -00:47:54   9.861  0.368 -0.056  0.228  0.237  0.465  57  45  0.0016 0.0011 0.0017 0.0009 0.0009 0.0015
    103_626 11:56:46  -00:21:54  11.836  0.413 -0.057  0.262  0.274  0.535  17  10  0.0034 0.0027 0.0032 0.0022 0.0015 0.0024
     G12_43 12:33:20  +09:01:08  12.467  1.846  1.085  1.530  1.944  3.479  13   6  0.0042 0.0053 0.0466 0.0053 0.0039 0.0033
    104_306 12:41:04  -00:37:11   9.370  1.592  1.666  0.832  0.762  1.591  89  68  0.0067 0.0030 0.0059 0.0020 0.0024 0.0033
    104_423 12:41:36  -00:31:15  15.602  0.630  0.050  0.262  0.559  0.818   2   1  0.0247 0.0389 0.0269 0.0361 0.1167 0.1520
    104_428 12:41:41  -00:26:27  12.630  0.985  0.748  0.534  0.497  1.032  25  16  0.0038 0.0028 0.0044 0.0024 0.0018 0.0036
     104_L1 12:41:44  -00:22:43  14.608  0.630  0.064  0.374  0.364  0.739   2   1  0.0007 0.0014 0.0127 0.0113 0.0163 0.0042
    104_430 12:41:50  -00:25:52  13.858  0.652  0.131  0.364  0.363  0.727  15   8  0.0052 0.0062 0.0085 0.0046 0.0041 0.0065
    104_325 12:42:03  -00:41:36  15.581  0.694  0.051  0.345  0.307  0.652   2   1  0.0163 0.0431 0.0219 0.0255 0.0148 0.0403
    104_330 12:42:12  -00:40:40  15.296  0.594 -0.028  0.369  0.371  0.739  15   6  0.0103 0.0276 0.0155 0.0124 0.0214 0.0225
    104_440 12:42:14  -00:24:48  15.114  0.440 -0.227  0.289  0.317  0.605  11   5  0.0081 0.0084 0.0103 0.0069 0.0232 0.0262
    104_237 12:42:17  -00:51:18  15.395  1.088  0.918  0.647  0.628  1.274   1   1  0.0000 0.0000 0.0000 0.0000 0.0000 0.0000
     104_L2 12:42:20  -00:35:13  16.048  0.650 -0.172  0.344  0.323  0.667   4   2  0.0190 0.0265 0.0450 0.0295 0.0755 0.1000
    104_443 12:42:20  -00:25:22  15.372  1.331  1.280  0.817  0.778  1.595   3   2  0.0087 0.0023 0.1120 0.0139 0.0104 0.0202
    104_444 12:42:21  -00:32:29  13.477  0.512 -0.070  0.313  0.331  0.643   2   1  0.0014 0.0099 0.0085 0.0021 0.0014 0.0007
    104_335 12:42:22  -00:33:09  11.665  0.622  0.145  0.357  0.334  0.691   4   2  0.0095 0.0010 0.0020 0.0035 0.0045 0.0070
    104_334 12:42:21  -00:40:28  13.484  0.518 -0.067  0.323  0.331  0.653  24  16  0.0047 0.0031 0.0039 0.0029 0.0031 0.0047
    104_239 12:42:23  -00:46:32  13.936  1.356  1.291  0.868  0.805  1.675   7   3  0.0060 0.0087 0.0231 0.0045 0.0030 0.0057
    104_336 12:42:25  -00:39:58  14.404  0.830  0.495  0.461  0.403  0.865  14   6  0.0067 0.0072 0.0123 0.0059 0.0099 0.0104
    104_338 12:42:31  -00:38:32  16.059  0.591 -0.082  0.348  0.372  0.719   8   5  0.0078 0.0219 0.0368 0.0088 0.0209 0.0170
    104_339 12:42:34  -00:41:39  15.459  0.832  0.709  0.476  0.374  0.849   1   1  0.0000 0.0000 0.0000 0.0000 0.0000 0.0000
    104_244 12:42:35  -00:45:47  16.011  0.590 -0.152  0.338  0.489  0.825   2   2  0.0092 0.0057 0.0113 0.0035 0.0269 0.0290
    104_455 12:42:52  -00:24:19  15.105  0.581 -0.024  0.360  0.357  0.716  13   7  0.0067 0.0144 0.0122 0.0053 0.0089 0.0122
    104_456 12:42:54  -00:32:06  12.362  0.622  0.135  0.357  0.337  0.694   4   2  0.0025 0.0025 0.0045 0.0035 0.0065 0.0080
    104_457 12:42:54  -00:28:49  16.048  0.753  0.522  0.484  0.490  0.974   9   4  0.0107 0.0187 0.0770 0.0183 0.0370 0.0213
    104_460 12:43:03  -00:28:21  12.886  1.287  1.243  0.813  0.693  1.507  24  16  0.0043 0.0033 0.0067 0.0022 0.0020 0.0033
    104_461 12:43:07  -00:32:21   9.705  0.476 -0.030  0.289  0.290  0.580  95  74  0.0010 0.0008 0.0013 0.0007 0.0006 0.0006
    104_350 12:43:15  -00:33:21  13.634  0.673  0.165  0.383  0.353  0.736  14   7  0.0043 0.0035 0.0056 0.0032 0.0045 0.0061
    104_470 12:43:22  -00:29:56  14.310  0.732  0.101  0.295  0.356  0.649   3   1  0.0121 0.0092 0.0202 0.0133 0.0035 0.0150
    104_364 12:43:47  -00:34:30  15.799  0.601 -0.131  0.314  0.397  0.712   2   1  0.0156 0.0488 0.0559 0.0085 0.0410 0.0495
    104_366 12:43:54  -00:34:52  12.908  0.870  0.424  0.517  0.464  0.982   1   1  0.0000 0.0000 0.0000 0.0000 0.0000 0.0000
    104_479 12:43:56  -00:32:51  16.087  1.271  0.673  0.657  0.607  1.264   2   1  0.0339 0.0276 0.3995 0.0028 0.0035 0.0071
    104_367 12:43:59  -00:33:36  15.844  0.639 -0.126  0.382  0.296  0.679   2   1  0.0255 0.0212 0.0156 0.0177 0.0042 0.0226
    104_484 12:44:20  -00:30:57  14.406  1.024  0.732  0.514  0.486  1.000   2   1  0.0071 0.0184 0.0134 0.0057 0.0064 0.0120
    104_485 12:44:24  -00:30:16  15.017  0.838  0.493  0.478  0.488  0.967   2   1  0.0113 0.0339 0.0226 0.0014 0.0113 0.0099
    104_490 12:44:33  -00:25:53  12.572  0.535  0.048  0.318  0.312  0.630  12   8  0.0029 0.0032 0.0052 0.0023 0.0023 0.0026
    104_598 12:45:17  -00:16:37  11.479  1.106  1.050  0.670  0.546  1.215  70  59  0.0017 0.0011 0.0027 0.0010 0.0008 0.0012
     G14_55 13:28:22  -02:21:28  11.336  1.491  1.157  1.078  1.388  2.462   5   2  0.0058 0.0049 0.0076 0.0067 0.0013 0.0063
 PG1323-086 13:25:39  -08:49:16  13.481 -0.140 -0.681 -0.048 -0.078 -0.127  39  18  0.0019 0.0022 0.0026 0.0018 0.0045 0.0045
PG1323-086A 13:25:49  -08:50:22  13.591  0.393 -0.019  0.252  0.252  0.506  20  12  0.0257 0.0022 0.0045 0.0027 0.0047 0.0060
PG1323-086C 13:25:50  -08:48:37  14.003  0.707  0.245  0.395  0.363  0.759  26  13  0.0031 0.0027 0.0076 0.0024 0.0041 0.0049
PG1323-086B 13:25:50  -08:51:53  13.406  0.761  0.265  0.426  0.407  0.833  23  13  0.0019 0.0029 0.0042 0.0023 0.0023 0.0031
PG1323-086D 13:26:05  -08:50:34  12.080  0.587  0.005  0.346  0.335  0.684  15   6  0.0023 0.0018 0.0036 0.0013 0.0026 0.0031
    105_505 13:35:25  -00:23:38  10.270  1.422  1.218  0.910  0.861  1.771   6   3  0.0061 0.0102 0.0053 0.0053 0.0033 0.0069
    105_437 13:37:17  -00:37:56  12.535  0.248  0.067  0.136  0.143  0.279   7   3  0.0060 0.0038 0.0094 0.0053 0.0026 0.0076
    105_815 13:40:04  -00:02:10  11.453  0.385 -0.237  0.267  0.291  0.560  22  14  0.0016 0.0030 0.0028 0.0013 0.0013 0.0015
    +2_2711 13:42:21  +01:30:17  10.367 -0.166 -0.697 -0.072 -0.095 -0.167  54  39  0.0012 0.0014 0.0018 0.0008 0.0010 0.0012
     121968 13:58:52  -02:55:12  10.254 -0.186 -0.908 -0.073 -0.098 -0.172  46  32  0.0012 0.0010 0.0021 0.0007 0.0010 0.0012
 PG1407-013 14:10:26  -01:30:13  13.750 -0.259 -1.119 -0.130 -0.144 -0.277   3   2  0.0040 0.0064 0.0173 0.0046 0.0173 0.0219
   106_1024 14:40:07  +00:01:45  11.599  0.332  0.085  0.196  0.195  0.390  35  27  0.0051 0.0022 0.0029 0.0019 0.0014 0.0029
    106_700 14:40:52  -00:23:36   9.785  1.362  1.582  0.728  0.641  1.370  53  44  0.0011 0.0010 0.0022 0.0010 0.0010 0.0014
 PG1514+034 15:17:14  +03:10:27  13.997 -0.009 -0.955  0.087  0.126  0.212   6   3  0.0078 0.0082 0.0102 0.0029 0.0065 0.0073
 PG1525-071 15:28:11  -07:16:27  15.053 -0.198 -1.148 -0.088 -0.075 -0.168   1   1  0.0000 0.0000 0.0000 0.0000 0.0000 0.0000
PG1525-071D 15:28:12  -07:16:33  16.301  0.564  0.305  0.411  0.346  0.757   2   1  0.0021 0.1570 0.0325 0.0113 0.0198 0.0085
PG1525-071A 15:28:13  -07:15:54  13.509  0.757  0.257  0.445  0.425  0.869   1   1  0.0000 0.0000 0.0000 0.0000 0.0000 0.0000
PG1525-071B 15:28:14  -07:16:08  16.403  0.730  0.135  0.442  0.366  0.808   1   1  0.0000 0.0000 0.0000 0.0000 0.0000 0.0000
PG1525-071C 15:28:16  -07:14:21  13.530  1.109  1.130  0.590  0.513  1.104   1   1  0.0000 0.0000 0.0000 0.0000 0.0000 0.0000
PG1528+062B 15:30:40  +06:01:11  11.989  0.593  0.005  0.364  0.344  0.711   1   1  0.0000 0.0000 0.0000 0.0000 0.0000 0.0000
PG1528+062A 15:30:49  +06:01:24  15.553  0.830  0.356  0.433  0.389  0.824   1   1  0.0000 0.0000 0.0000 0.0000 0.0000 0.0000
 PG1528+062 15:30:50  +06:00:56  14.767 -0.252 -1.091 -0.111 -0.182 -0.296   1   1  0.0000 0.0000 0.0000 0.0000 0.0000 0.0000
PG1528+062C 15:30:56  +06:00:07  13.477  0.644  0.074  0.357  0.340  0.699   1   1  0.0000 0.0000 0.0000 0.0000 0.0000 0.0000
PG1530+057A 15:33:10  +05:33:45  13.711  0.829  0.414  0.473  0.412  0.886   1   1  0.0000 0.0000 0.0000 0.0000 0.0000 0.0000
 PG1530+057 15:33:11  +05:32:27  14.211  0.151 -0.789  0.162  0.036  0.199   1   1  0.0000 0.0000 0.0000 0.0000 0.0000 0.0000
PG1530+057B 15:33:18  +05:33:48  12.842  0.745  0.325  0.423  0.376  0.799   1   1  0.0000 0.0000 0.0000 0.0000 0.0000 0.0000
    107_970 15:37:25  +00:18:34  10.939  1.596  1.750  1.142  1.435  2.574  57  47  0.0074 0.0017 0.0061 0.0020 0.0033 0.0040
    107_568 15:37:53  -00:17:18  13.054  1.149  0.862  0.625  0.595  1.217  15   7  0.0015 0.0028 0.0039 0.0021 0.0028 0.0028
   107_1006 15:38:34  +00:14:22  11.712  0.766  0.279  0.442  0.421  0.863  59  51  0.0010 0.0010 0.0025 0.0008 0.0009 0.0010
    107_720 15:38:37  -00:02:24  13.121  0.599  0.088  0.374  0.355  0.731   2   1  0.0057 0.0028 0.0106 0.0099 0.0028 0.0078
    107_456 15:38:43  -00:19:47  12.919  0.921  0.589  0.537  0.478  1.015  20  10  0.0020 0.0029 0.0045 0.0020 0.0025 0.0036
    107_457 15:38:46  -00:20:15  14.910  0.792  0.350  0.494  0.469  0.964   2   1  0.0021 0.0035 0.0099 0.0028 0.0064 0.0092
    107_351 15:38:46  -00:32:06  12.342  0.562 -0.005  0.351  0.358  0.708  25  14  0.0020 0.0024 0.0040 0.0016 0.0022 0.0026
    107_592 15:38:51  -00:17:10  11.847  1.318  1.380  0.709  0.647  1.357   9   5  0.0033 0.0047 0.0133 0.0013 0.0023 0.0020
    107_458 15:38:50  -00:24:27  11.676  1.214  1.189  0.667  0.602  1.274   2   1  0.0042 0.0057 0.0050 0.0028 0.0007 0.0035
    107_459 15:38:51  -00:22:31  12.284  0.900  0.427  0.525  0.517  1.045   2   1  0.0014 0.0106 0.0099 0.0028 0.0007 0.0035
    107_212 15:38:57  -00:45:30  13.383  0.683  0.135  0.404  0.411  0.818   2   1  0.0064 0.0106 0.0198 0.0071 0.0085 0.0148
    107_215 15:38:57  -00:43:06  16.046  0.115 -0.082 -0.032 -0.475 -0.511   3   2  0.0266 0.0312 0.0092 0.0935 0.2991 0.3943
    107_213 15:38:57  -00:44:14  14.262  0.802  0.261  0.531  0.509  1.038   1   1  0.0000 0.0000 0.0000 0.0000 0.0000 0.0000
    107_357 15:39:05  -00:39:11  14.418  0.675  0.025  0.416  0.421  0.840   2   1  0.0000 0.0035 0.0057 0.0120 0.0233 0.0113
    107_599 15:39:09  -00:14:28  14.675  0.698  0.243  0.433  0.438  0.869  17   7  0.0082 0.0121 0.0061 0.0053 0.0121 0.0155
    107_359 15:39:09  -00:35:31  12.797  0.580 -0.124  0.379  0.381  0.759   6   3  0.0049 0.0069 0.0118 0.0029 0.0033 0.0053
    107_600 15:39:11  -00:15:49  14.884  0.503  0.049  0.339  0.361  0.700   9   4  0.0170 0.0130 0.0227 0.0097 0.0147 0.0203
    107_601 15:39:14  -00:13:26  14.646  1.412  1.265  0.923  0.835  1.761  33  13  0.0045 0.0073 0.0247 0.0035 0.0031 0.0038
    107_602 15:39:19  -00:15:29  12.116  0.991  0.585  0.545  0.531  1.074  17   9  0.0027 0.0029 0.0070 0.0015 0.0022 0.0032
    107_612 15:39:35  -00:15:06  14.256  0.896  0.296  0.551  0.530  1.081   2   1  0.0057 0.0014 0.0035 0.0035 0.0007 0.0021
    107_611 15:39:36  -00:12:36  14.329  0.890  0.455  0.520  0.447  0.968   4   2  0.0065 0.0085 0.0165 0.0090 0.0105 0.0170
    107_614 15:39:42  -00:13:10  13.926  0.622  0.033  0.361  0.370  0.732   4   2  0.0065 0.0170 0.0150 0.0040 0.0130 0.0090
    107_626 15:40:06  -00:17:28  13.468  1.000  0.728  0.600  0.527  1.126  24  12  0.0045 0.0082 0.0118 0.0025 0.0022 0.0035
    107_627 15:40:08  -00:17:22  13.349  0.779  0.226  0.465  0.454  0.918  24  12  0.0055 0.0047 0.0049 0.0022 0.0027 0.0037
    107_484 15:40:17  -00:21:13  11.311  1.237  1.291  0.664  0.577  1.240  13   7  0.0044 0.0022 0.0111 0.0019 0.0008 0.0022
    107_636 15:40:41  -00:14:54  14.873  0.751  0.121  0.432  0.465  0.896   2   1  0.0134 0.0120 0.0177 0.0085 0.0417 0.0325
    107_639 15:40:45  -00:17:11  14.197  0.640 -0.026  0.399  0.404  0.803  10   6  0.0161 0.0092 0.0202 0.0104 0.0095 0.0127
    107_640 15:40:50  -00:16:48  15.050  0.755  0.092  0.511  0.506  1.017   5   3  0.0250 0.0103 0.0322 0.0183 0.0161 0.0246
    G153_41 16:17:55  -15:35:52  13.422 -0.205 -1.133 -0.135 -0.154 -0.290  23  11  0.0035 0.0031 0.0063 0.0033 0.0056 0.0065
    G138_25 16:25:14  +15:41:15  13.513  1.419  1.265  0.883  0.796  1.685   2   1  0.0007 0.0177 0.0382 0.0028 0.0028 0.0049
   -12_4523 16:30:18  -12:39:08  10.069  1.568  1.192  1.152  1.498  2.649   8   5  0.0032 0.0025 0.0025 0.0007 0.0018 0.0014
 PG1633+099 16:35:24  +09:47:50  14.397 -0.192 -0.974 -0.093 -0.116 -0.212  13   6  0.0025 0.0022 0.0047 0.0033 0.0089 0.0111
PG1633+099A 16:35:26  +09:47:53  15.256  0.873  0.320  0.505  0.511  1.015  15   6  0.0036 0.0052 0.0090 0.0036 0.0093 0.0111
PG1633+099B 16:35:34  +09:46:22  12.969  1.081  1.007  0.590  0.502  1.090  12   6  0.0017 0.0020 0.0069 0.0012 0.0014 0.0020
PG1633+099C 16:35:38  +09:46:16  13.229  1.134  1.138  0.618  0.523  1.138  10   6  0.0025 0.0022 0.0038 0.0016 0.0022 0.0038
PG1633+099D 16:35:40  +09:46:43  13.691  0.535 -0.025  0.324  0.327  0.650   9   5  0.0020 0.0020 0.0050 0.0017 0.0033 0.0033
    108_719 16:36:11  -00:25:32  12.690  1.031  0.648  0.553  0.533  1.087   4   2  0.0045 0.0025 0.0005 0.0045 0.0025 0.0050
   108_1848 16:36:58  +00:05:57  11.738  0.559  0.073  0.331  0.325  0.657   1   1  0.0000 0.0000 0.0000 0.0000 0.0000 0.0000
    108_475 16:37:00  -00:34:40  11.309  1.380  1.462  0.744  0.665  1.409  71  58  0.0014 0.0013 0.0042 0.0008 0.0007 0.0011
   108_1863 16:37:13  +00:02:34  12.244  0.803  0.378  0.446  0.398  0.844   1   1  0.0000 0.0000 0.0000 0.0000 0.0000 0.0000
    108_551 16:37:47  -00:33:06  10.703  0.179  0.178  0.099  0.110  0.208 104  76  0.0011 0.0007 0.0023 0.0006 0.0010 0.0011
   108_1918 16:37:50  -00:00:37  11.384  1.432  1.839  0.773  0.661  1.434   2   1  0.0007 0.0014 0.0000 0.0042 0.0000 0.0042
    108_981 16:39:17  -00:25:08  12.071  0.494  0.237  0.310  0.312  0.622   4   2  0.0025 0.0015 0.0075 0.0020 0.0030 0.0010
 PG1647+056 16:50:18  +05:32:53  14.773 -0.173 -1.064 -0.058 -0.022 -0.082   7   3  0.0087 0.0087 0.0076 0.0102 0.0151 0.0163
   WOLF_629 16:55:27  -08:18:53  11.759  1.677  1.256  1.185  1.525  2.715   6   3  0.0041 0.0029 0.0033 0.0016 0.0012 0.0012
 PG1657+078 16:59:32  +07:43:31  15.015 -0.149 -0.940 -0.063 -0.033 -0.100   9   4  0.0067 0.0053 0.0090 0.0087 0.0270 0.0330
PG1657+078B 16:59:32  +07:42:11  14.721  0.708  0.065  0.417  0.420  0.838   2   1  0.0021 0.0064 0.0071 0.0014 0.0000 0.0014
PG1657+078A 16:59:33  +07:42:25  14.033  1.069  0.730  0.573  0.539  1.113   2   1  0.0007 0.0007 0.0064 0.0064 0.0057 0.0127
PG1657+078C 16:59:35  +07:42:26  15.225  0.840  0.385  0.521  0.444  0.967   2   1  0.0000 0.0042 0.0085 0.0057 0.0127 0.0071
    -4_4226 17:05:15  -05:05:05  10.071  1.415  1.085  0.970  1.141  2.113   6   3  0.0033 0.0012 0.0029 0.0004 0.0008 0.0012
     109_71 17:44:06  -00:24:59  11.493  0.323  0.153  0.186  0.223  0.410  50  42  0.0010 0.0011 0.0020 0.0008 0.0008 0.0011
    109_381 17:44:12  -00:20:32  11.730  0.704  0.225  0.428  0.435  0.861  55  45  0.0011 0.0015 0.0015 0.0009 0.0008 0.0011
    109_949 17:44:13  -00:02:28  12.828  0.806  0.363  0.500  0.517  1.020   2   1  0.0064 0.0007 0.0099 0.0078 0.0035 0.0113
    109_954 17:44:15  -00:02:17  12.436  1.296  0.956  0.764  0.731  1.496   9   5  0.0093 0.0060 0.0203 0.0017 0.0027 0.0033
    109_956 17:44:17  -00:02:32  14.639  1.283  0.858  0.779  0.743  1.525   2   1  0.0113 0.0198 0.0035 0.0184 0.0156 0.0346
    109_199 17:45:02  -00:29:28  10.990  1.739  1.967  1.006  0.900  1.904   3   2  0.0098 0.0040 0.0035 0.0035 0.0040 0.0046
    109_231 17:45:20  -00:25:51   9.332  1.462  1.593  0.785  0.704  1.492  76  52  0.0011 0.0014 0.0028 0.0006 0.0007 0.0009
    109_537 17:45:42  -00:21:34  10.353  0.609  0.227  0.376  0.392  0.768  66  47  0.0027 0.0012 0.0020 0.0009 0.0010 0.0015
     G21_15 18:27:13  +04:03:05  13.889  0.092 -0.598 -0.039 -0.030 -0.069  19   9  0.0046 0.0053 0.0067 0.0046 0.0094 0.0094
    110_229 18:40:45  +00:01:51  13.649  1.910  1.391  1.198  1.155  2.356  30  16  0.0031 0.0091 0.0225 0.0018 0.0020 0.0026
    110_230 18:40:51  +00:02:23  14.281  1.084  0.728  0.624  0.596  1.218  21  11  0.0031 0.0050 0.0116 0.0020 0.0044 0.0050
    110_232 18:40:52  +00:01:58  12.516  0.729  0.147  0.439  0.450  0.889  28  16  0.0032 0.0028 0.0045 0.0015 0.0019 0.0025
    110_233 18:40:52  +00:00:51  12.771  1.281  0.812  0.773  0.818  1.593  22  10  0.0028 0.0034 0.0070 0.0021 0.0015 0.0021
    110_239 18:41:19  +00:00:14  13.858  0.899  0.584  0.541  0.517  1.060   1   1  0.0000 0.0000 0.0000 0.0000 0.0000 0.0000
    110_339 18:41:27  +00:08:26  13.607  0.988  0.776  0.563  0.468  1.036   1   1  0.0000 0.0000 0.0000 0.0000 0.0000 0.0000
    110_340 18:41:29  +00:15:22  10.025  0.303  0.127  0.170  0.182  0.353  64  51  0.0014 0.0010 0.0022 0.0006 0.0009 0.0010
    110_477 18:41:43  +00:26:41  13.988  1.345  0.715  0.850  0.857  1.707  21  11  0.0072 0.0131 0.0375 0.0031 0.0039 0.0063
    110_246 18:41:51  +00:05:20  12.706  0.586 -0.129  0.381  0.410  0.790   1   1  0.0000 0.0000 0.0000 0.0000 0.0000 0.0000
    110_346 18:41:55  +00:10:00  14.757  0.999  0.752  0.697  0.646  1.345   1   1  0.0000 0.0000 0.0000 0.0000 0.0000 0.0000
    110_349 18:42:13  +00:10:14  15.095  1.088  0.668  0.503 -0.059  0.477   1   1  0.0000 0.0000 0.0000 0.0000 0.0000 0.0000
    110_355 18:42:19  +00:08:24  11.944  1.023  0.504  0.652  0.727  1.378  16   8  0.0027 0.0030 0.0045 0.0022 0.0022 0.0035
    110_358 18:42:37  +00:15:01  14.430  1.039  0.418  0.603  0.543  1.150   1   1  0.0000 0.0000 0.0000 0.0000 0.0000 0.0000
    110_360 18:42:40  +00:09:10  14.618  1.197  0.539  0.715  0.717  1.432   5   2  0.0094 0.0192 0.0291 0.0085 0.0031 0.0080
    110_361 18:42:45  +00:08:04  12.425  0.632  0.035  0.361  0.348  0.709  30  17  0.0022 0.0022 0.0029 0.0018 0.0020 0.0029
    110_362 18:42:48  +00:06:26  15.693  1.333  3.919  0.918  0.885  1.803   1   1  0.0000 0.0000 0.0000 0.0000 0.0000 0.0000
    110_266 18:42:49  +00:05:06  12.018  0.889  0.411  0.538  0.577  1.111   8   3  0.0014 0.0028 0.0039 0.0014 0.0021 0.0032
     110_L1 18:42:50  +00:07:10  16.252  1.752  2.953  1.066  0.992  2.058   1   1  0.0000 0.0000 0.0000 0.0000 0.0000 0.0000
    110_364 18:42:52  +00:07:54  13.615  1.133  1.095  0.697  0.585  1.281  15   7  0.0021 0.0067 0.0088 0.0015 0.0026 0.0021
    110_365 18:42:57  +00:07:20  13.470  2.261  1.895  1.360  1.270  2.631  45  20  0.0027 0.0091 0.0313 0.0021 0.0022 0.0034
    110_157 18:42:57  -00:08:56  13.491  2.123  1.679  1.257  1.139  2.395   7   3  0.0057 0.0257 0.1750 0.0034 0.0049 0.0057
    110_496 18:42:59  +00:31:08  13.004  1.040  0.737  0.607  0.681  1.287   9   4  0.0027 0.0060 0.0230 0.0020 0.0023 0.0043
    110_273 18:42:59  +00:02:23  14.686  2.527  1.000  1.509  1.345  2.856   5   2  0.0161 0.0783 1.3416 0.0040 0.0103 0.0107
    110_497 18:43:02  +00:30:56  14.196  1.052  0.380  0.606  0.597  1.203   5   2  0.0054 0.0063 0.0143 0.0067 0.0045 0.0063
    110_280 18:43:07  -00:03:40  12.996  2.151  2.133  1.235  1.148  2.384  25  12  0.0034 0.0144 0.0906 0.0018 0.0030 0.0036
    110_499 18:43:07  +00:28:00  11.737  0.987  0.639  0.600  0.674  1.273  23  13  0.0031 0.0029 0.0071 0.0019 0.0017 0.0029
    110_502 18:43:10  +00:27:40  12.330  2.326  2.326  1.373  1.250  2.625  38  19  0.0031 0.0047 0.0225 0.0019 0.0024 0.0041
    110_504 18:43:11  +00:30:05  14.022  1.248  1.323  0.797  0.683  1.482   5   2  0.0013 0.0063 0.0268 0.0036 0.0063 0.0080
    110_503 18:43:11  +00:29:43  11.773  0.671  0.506  0.373  0.436  0.808  26  14  0.0031 0.0020 0.0051 0.0018 0.0016 0.0022
    110_506 18:43:19  +00:30:27  11.312  0.568  0.059  0.335  0.312  0.652   2   1  0.0021 0.0021 0.0064 0.0007 0.0042 0.0042
    110_507 18:43:19  +00:29:26  12.440  1.141  0.830  0.633  0.579  1.206   2   1  0.0049 0.0057 0.0057 0.0042 0.0000 0.0049
    110_290 18:43:22  -00:01:15  11.898  0.708  0.196  0.418  0.418  0.836   3   2  0.0029 0.0006 0.0046 0.0023 0.0029 0.0035
    110_441 18:43:34  +00:19:40  11.121  0.555  0.112  0.324  0.336  0.660  43  36  0.0015 0.0015 0.0023 0.0012 0.0009 0.0020
    110_311 18:43:48  -00:00:22  15.505  1.796  1.179  1.010  0.864  1.874   4   2  0.0180 0.0360 0.1255 0.0340 0.0830 0.1130
    110_312 18:43:50  +00:00:07  16.093  1.319 -0.788  1.137  1.154  2.293   1   1  0.0000 0.0000 0.0000 0.0000 0.0000 0.0000
    110_450 18:43:52  +00:22:58  11.585  0.944  0.691  0.552  0.625  1.177  49  42  0.0020 0.0017 0.0033 0.0011 0.0010 0.0016
    110_316 18:43:52  +00:01:05  14.821  1.731  4.355  0.858  0.910  1.769   1   1  0.0000 0.0000 0.0000 0.0000 0.0000 0.0000
    110_315 18:43:52  +00:00:49  13.637  2.069  2.256  1.206  1.133  2.338   8   4  0.0067 0.0361 0.4639 0.0032 0.0057 0.0067
    110_319 18:43:55  +00:02:01  11.861  1.309  1.076  0.742  0.700  1.443   3   2  0.0110 0.0029 0.0035 0.0040 0.0017 0.0058
    111_775 19:37:16  +00:12:05  10.744  1.738  2.029  0.965  0.896  1.862  61  48  0.0015 0.0009 0.0059 0.0008 0.0006 0.0010
    111_773 19:37:16  +00:10:59   8.963  0.206 -0.210  0.119  0.144  0.262  66  47  0.0012 0.0010 0.0017 0.0007 0.0007 0.0009
   111_1925 19:37:29  +00:25:01  12.388  0.395  0.262  0.221  0.253  0.474  26  13  0.0018 0.0014 0.0043 0.0018 0.0014 0.0024
   111_1965 19:37:42  +00:26:50  11.419  1.710  1.865  0.951  0.877  1.830  16   8  0.0018 0.0037 0.0090 0.0010 0.0010 0.0012
   111_1969 19:37:44  +00:25:48  10.382  1.959  2.306  1.177  1.222  2.400  58  47  0.0017 0.0014 0.0054 0.0008 0.0009 0.0013
   111_2039 19:38:05  +00:32:13  12.395  1.369  1.237  0.739  0.689  1.430   8   4  0.0021 0.0028 0.0120 0.0021 0.0021 0.0021
   111_2088 19:38:22  +00:31:01  13.193  1.610  1.678  0.888  0.818  1.708   8   4  0.0014 0.0042 0.0110 0.0018 0.0014 0.0018
   111_2093 19:38:24  +00:31:25  12.538  0.637  0.283  0.370  0.397  0.766   8   4  0.0025 0.0035 0.0071 0.0032 0.0021 0.0039
    112_595 20:41:18  +00:16:28  11.352  1.601  1.993  0.899  0.901  1.801  46  37  0.0022 0.0016 0.0060 0.0009 0.0012 0.0015
    112_704 20:42:02  +00:19:10  11.452  1.536  1.742  0.822  0.746  1.570  19  12  0.0030 0.0023 0.0076 0.0021 0.0018 0.0025
    112_223 20:42:14  +00:09:01  11.424  0.454  0.010  0.273  0.274  0.547  45  37  0.0012 0.0009 0.0021 0.0012 0.0010 0.0016
    112_250 20:42:26  +00:07:43  12.095  0.532 -0.025  0.317  0.323  0.639  18  12  0.0021 0.0019 0.0042 0.0019 0.0019 0.0026
    112_275 20:42:36  +00:07:21   9.905  1.210  1.299  0.647  0.569  1.217  63  48  0.0001 0.0009 0.0025 0.0008 0.0005 0.0009
    112_805 20:42:46  +00:16:08  12.086  0.152  0.150  0.063  0.075  0.138  51  42  0.0010 0.0011 0.0028 0.0011 0.0015 0.0021
    112_822 20:42:55  +00:15:04  11.549  1.031  0.883  0.558  0.502  1.060  36  27  0.0012 0.0015 0.0040 0.0008 0.0010 0.0012
    MARK_A2 20:43:54  -10:45:32  14.540  0.666  0.096  0.379  0.371  0.751  21  10  0.0028 0.0031 0.0046 0.0024 0.0050 0.0059
    MARK_A1 20:43:58  -10:47:11  15.911  0.609 -0.014  0.367  0.373  0.740  25  10  0.0040 0.0090 0.0136 0.0044 0.0128 0.0148
     MARK_A 20:43:59  -10:47:42  13.258 -0.242 -1.162 -0.115 -0.125 -0.241  39  22  0.0019 0.0018 0.0038 0.0018 0.0045 0.0048
    MARK_A3 20:44:02  -10:45:39  14.818  0.938  0.651  0.587  0.510  1.098  22  10  0.0023 0.0034 0.0104 0.0021 0.0030 0.0045
   WOLF_918 21:11:30  -13:08:22  10.868  1.494  1.146  0.981  1.088  2.065   8   4  0.0049 0.0039 0.0053 0.0025 0.0032 0.0028
      G26_7 21:31:16  -09:47:28  12.005  1.669  1.235  1.300  1.695  2.986   6   3  0.0057 0.0037 0.0204 0.0053 0.0049 0.0073
    113_440 21:40:35  +00:41:45  11.796  0.637  0.167  0.363  0.350  0.715   2   1  0.0014 0.0014 0.0042 0.0000 0.0028 0.0021
    113_221 21:40:36  +00:21:00  12.071  1.031  0.874  0.550  0.490  1.041  24  10  0.0016 0.0020 0.0055 0.0018 0.0014 0.0022
     113_L1 21:40:47  +00:28:32  15.530  1.343  1.180  0.867  0.723  1.594   2   1  0.0042 0.0509 0.1867 0.0049 0.0049 0.0007
    113_337 21:40:49  +00:27:55  14.225  0.519 -0.025  0.351  0.331  0.682   5   3  0.0130 0.0058 0.0085 0.0072 0.0063 0.0116
    113_339 21:40:56  +00:27:57  12.250  0.568 -0.034  0.340  0.347  0.687  31  18  0.0020 0.0020 0.0038 0.0014 0.0016 0.0025
    113_233 21:40:59  +00:22:00  12.398  0.549  0.096  0.338  0.322  0.661   2   1  0.0021 0.0014 0.0007 0.0000 0.0007 0.0007
    113_342 21:41:00  +00:27:34  10.878  1.015  0.696  0.537  0.513  1.050   7   3  0.0015 0.0015 0.0060 0.0019 0.0023 0.0049
    113_239 21:41:07  +00:22:32  13.038  0.516  0.051  0.318  0.327  0.647   2   1  0.0057 0.0028 0.0042 0.0014 0.0035 0.0049
    113_241 21:41:09  +00:25:50  14.352  1.344  1.452  0.897  0.797  1.683  22   9  0.0019 0.0032 0.0056 0.0012 0.0031 0.0038
    113_245 21:41:13  +00:21:51  15.665  0.628  0.112  0.396  0.318  0.716   2   1  0.0092 0.0099 0.0021 0.0240 0.0106 0.0354
    113_459 21:41:15  +00:43:04  12.125  0.535 -0.018  0.307  0.313  0.623   4   2  0.0070 0.0055 0.0070 0.0055 0.0060 0.0105
    113_250 21:41:24  +00:20:41  13.160  0.505 -0.003  0.309  0.316  0.626   4   2  0.0025 0.0025 0.0165 0.0035 0.0045 0.0045
    113_466 21:41:28  +00:40:14  10.004  0.454 -0.001  0.281  0.282  0.563  58  41  0.0007 0.0008 0.0016 0.0009 0.0008 0.0012
    113_259 21:41:44  +00:17:37  11.742  1.194  1.221  0.621  0.543  1.166  48  34  0.0010 0.0016 0.0032 0.0010 0.0010 0.0013
    113_260 21:41:48  +00:23:52  12.406  0.514  0.069  0.308  0.298  0.606  23  11  0.0044 0.0021 0.0029 0.0019 0.0015 0.0019
    113_475 21:41:51  +00:39:19  10.306  1.058  0.844  0.570  0.527  1.098  40  30  0.0013 0.0011 0.0027 0.0009 0.0009 0.0011
    113_263 21:41:53  +00:25:37  15.481  0.280  0.074  0.194  0.207  0.401   4   1  0.0100 0.0080 0.0250 0.0035 0.0120 0.0140
    113_265 21:41:53  +00:18:02  14.934  0.639  0.101  0.411  0.395  0.807   9   4  0.0180 0.0120 0.0163 0.0160 0.0170 0.0263
    113_366 21:41:54  +00:29:21  13.537  1.096  0.896  0.623  0.588  1.211   2   1  0.0007 0.0049 0.0049 0.0113 0.0021 0.0099
    113_268 21:41:57  +00:19:53  15.281  0.589 -0.018  0.379  0.407  0.786   6   2  0.0033 0.0094 0.0229 0.0078 0.0208 0.0229
     113_34 21:41:59  +00:01:07  15.173  0.484 -0.054  0.306  0.346  0.652   2   1  0.0014 0.0035 0.0205 0.0106 0.0127 0.0021
    113_372 21:42:02  +00:28:36  13.681  0.670  0.080  0.395  0.370  0.766   2   1  0.0042 0.0028 0.0141 0.0042 0.0099 0.0064
    113_149 21:42:06  +00:09:27  13.469  0.621  0.043  0.379  0.386  0.765   2   1  0.0078 0.0149 0.0099 0.0049 0.0085 0.0042
    113_153 21:42:09  +00:15:06  14.476  0.745  0.285  0.462  0.441  0.902   3   2  0.1051 0.0381 0.0502 0.0121 0.0139 0.0064
    113_272 21:42:21  +00:21:04  13.904  0.633  0.067  0.370  0.340  0.710   2   1  0.0014 0.0007 0.0255 0.0007 0.0134 0.0120
    113_158 21:42:22  +00:14:09  13.116  0.723  0.247  0.407  0.374  0.782   3   2  0.0035 0.0023 0.0040 0.0029 0.0046 0.0029
    113_156 21:42:22  +00:12:06  11.224  0.526 -0.057  0.303  0.314  0.618   2   1  0.0035 0.0035 0.0057 0.0042 0.0007 0.0028
    113_491 21:42:25  +00:43:53  14.373  0.764  0.306  0.434  0.420  0.854   4   2  0.0025 0.0020 0.0185 0.0085 0.0095 0.0175
    113_492 21:42:28  +00:38:21  12.174  0.553  0.005  0.342  0.341  0.684   9   5  0.0033 0.0063 0.0063 0.0027 0.0033 0.0053
    113_493 21:42:29  +00:38:10  11.767  0.786  0.392  0.430  0.393  0.824   8   4  0.0039 0.0035 0.0064 0.0028 0.0018 0.0039
    113_495 21:42:30  +00:38:07  12.437  0.947  0.530  0.512  0.497  1.010   6   3  0.0024 0.0029 0.0053 0.0033 0.0037 0.0057
    113_163 21:42:35  +00:16:46  14.540  0.658  0.106  0.380  0.355  0.735  15   7  0.0041 0.0049 0.0093 0.0054 0.0083 0.0108
    113_165 21:42:38  +00:15:34  15.639  0.601  0.003  0.354  0.392  0.746   2   1  0.0007 0.0057 0.0297 0.0212 0.0431 0.0643
    113_281 21:42:39  +00:19:00  15.247  0.529 -0.026  0.347  0.359  0.706   2   1  0.0078 0.0014 0.0311 0.0021 0.0368 0.0389
    113_167 21:42:41  +00:16:08  14.841  0.597 -0.034  0.351  0.376  0.728   2   1  0.0007 0.0099 0.0240 0.0071 0.0141 0.0219
    113_177 21:42:56  +00:14:46  13.560  0.789  0.318  0.456  0.436  0.890  27  13  0.0052 0.0040 0.0060 0.0044 0.0037 0.0056
    113_182 21:43:08  +00:14:51  14.370  0.659  0.065  0.402  0.422  0.824  13   6  0.0144 0.0089 0.0089 0.0039 0.0086 0.0089
    113_187 21:43:20  +00:16:52  15.080  1.063  0.969  0.638  0.535  1.174   7   4  0.0060 0.0163 0.0299 0.0068 0.0042 0.0072
    113_189 21:43:27  +00:17:22  15.421  1.118  0.958  0.713  0.605  1.319   8   4  0.0138 0.0127 0.0714 0.0113 0.0074 0.0156
    113_307 21:43:30  +00:18:02  14.214  1.128  0.911  0.630  0.614  1.245   2   1  0.0049 0.0269 0.0035 0.0014 0.0219 0.0198
    113_191 21:43:33  +00:15:56  12.337  0.799  0.223  0.471  0.466  0.937   7   4  0.0042 0.0023 0.0045 0.0023 0.0023 0.0034
    113_195 21:43:40  +00:17:22  13.692  0.730  0.201  0.418  0.413  0.832  10   5  0.0051 0.0057 0.0101 0.0032 0.0038 0.0032
     G93_48 21:52:25  +02:23:20  12.739 -0.008 -0.792 -0.097 -0.094 -0.191  56  40  0.0013 0.0012 0.0024 0.0012 0.0024 0.0027
PG2213-006C 22:16:18  -00:22:15  15.109  0.721  0.177  0.426  0.404  0.830   7   4  0.0045 0.0057 0.0068 0.0023 0.0068 0.0064
PG2213-006B 22:16:22  -00:21:49  12.706  0.749  0.297  0.427  0.402  0.829   7   4  0.0011 0.0023 0.0026 0.0008 0.0015 0.0015
PG2213-006A 22:16:24  -00:21:27  14.178  0.673  0.100  0.406  0.403  0.808   9   5  0.0050 0.0033 0.0057 0.0030 0.0050 0.0060
 PG2213-006 22:16:28  -00:21:15  14.124 -0.217 -1.125 -0.092 -0.110 -0.203  10   5  0.0022 0.0028 0.0063 0.0044 0.0085 0.0092
    G156_31 22:38:28  -15:19:17  12.361  1.993  1.408  1.648  2.042  3.684  20   8  0.0027 0.0049 0.0130 0.0027 0.0027 0.0029
    114_531 22:40:37  +00:51:56  12.094  0.733  0.186  0.422  0.403  0.825  42  32  0.0011 0.0015 0.0028 0.0009 0.0012 0.0015
    114_637 22:40:43  +01:03:10  12.070  0.801  0.307  0.456  0.415  0.872  15   8  0.0044 0.0018 0.0080 0.0026 0.0023 0.0028
    114_446 22:41:04  +00:46:04  12.064  0.737  0.237  0.397  0.369  0.769   2   1  0.0035 0.0035 0.0064 0.0035 0.0028 0.0007
    114_654 22:41:26  +01:10:11  11.833  0.656  0.178  0.368  0.341  0.711   6   3  0.0008 0.0037 0.0057 0.0016 0.0033 0.0037
    114_656 22:41:35  +01:11:13  12.644  0.965  0.698  0.547  0.506  1.051   5   1  0.0036 0.0067 0.0219 0.0040 0.0018 0.0049
    114_548 22:41:37  +00:59:07  11.601  1.362  1.573  0.738  0.651  1.387  52  42  0.0014 0.0017 0.0058 0.0010 0.0010 0.0014
    114_750 22:41:45  +01:12:38  11.916 -0.041 -0.354  0.027 -0.015  0.011  57  46  0.0015 0.0013 0.0024 0.0013 0.0021 0.0025
    114_670 22:42:10  +01:10:17  11.101  1.206  1.223  0.645  0.561  1.208  16  10  0.0027 0.0015 0.0117 0.0020 0.0022 0.0020
    114_176 22:43:11  +00:21:16   9.239  1.485  1.853  0.800  0.717  1.521  60  43  0.0010 0.0013 0.0032 0.0006 0.0008 0.0009
    G156_57 22:53:16  -14:15:38  10.180  1.556  1.182  1.174  1.542  2.713  14   7  0.0027 0.0019 0.0072 0.0011 0.0027 0.0027
     GD_246 23:12:35  +10:50:27  13.094 -0.318 -1.187 -0.148 -0.183 -0.332  73  57  0.0018 0.0015 0.0022 0.0012 0.0028 0.0032
      F_108 23:16:12  -01:50:35  12.958 -0.235 -1.052 -0.103 -0.135 -0.239  76  58  0.0014 0.0016 0.0021 0.0014 0.0029 0.0030
 PG2317+046 23:19:55  +04:52:35  12.876 -0.246 -1.137 -0.074 -0.035 -0.118  10   4  0.0085 0.0041 0.0079 0.0032 0.0028 0.0079
 PG2331+055 23:33:44  +05:46:36  15.182 -0.066 -0.487 -0.012 -0.031 -0.044   2   1  0.0057 0.0071 0.0035 0.0078 0.0057 0.0127
PG2331+055A 23:33:49  +05:46:49  13.051  0.741  0.257  0.419  0.401  0.821   2   1  0.0021 0.0014 0.0014 0.0014 0.0014 0.0014
PG2331+055B 23:33:51  +05:45:07  14.744  0.819  0.429  0.481  0.454  0.935   2   1  0.0035 0.0007 0.0014 0.0035 0.0064 0.0021
PG2336+004B 23:38:39  +00:42:42  12.431  0.507 -0.035  0.314  0.316  0.625   2   1  0.0007 0.0021 0.0021 0.0000 0.0014 0.0014
PG2336+004A 23:38:43  +00:42:24  11.277  0.679  0.135  0.398  0.372  0.767   2   1  0.0007 0.0014 0.0000 0.0000 0.0014 0.0014
 PG2336+004 23:38:44  +00:42:55  15.899 -0.172 -0.781 -0.061 -0.048 -0.110   2   1  0.0113 0.0099 0.0007 0.0092 0.0127 0.0226
    115_554 23:41:31  +01:26:26  11.812  1.005  0.548  0.586  0.538  1.127   2   1  0.0042 0.0028 0.0028 0.0057 0.0021 0.0028
    115_486 23:41:33  +01:16:45  12.482  0.493 -0.049  0.298  0.308  0.607  16   9  0.0025 0.0035 0.0047 0.0020 0.0020 0.0020
    115_412 23:42:01  +01:09:01  12.209  0.573 -0.040  0.327  0.335  0.665   2   1  0.0021 0.0049 0.0035 0.0007 0.0021 0.0021
    115_268 23:42:30  +00:52:11  12.494  0.634  0.077  0.366  0.348  0.714   1   1  0.0000 0.0000 0.0000 0.0000 0.0000 0.0000
    115_420 23:42:36  +01:05:58  11.161  0.468 -0.027  0.286  0.293  0.580  51  42  0.0013 0.0011 0.0020 0.0013 0.0010 0.0015
    115_271 23:42:41  +00:45:10   9.695  0.615  0.101  0.353  0.349  0.701  77  55  0.0010 0.0010 0.0014 0.0009 0.0008 0.0011
    115_516 23:44:15  +01:14:13  10.434  1.028  0.759  0.563  0.534  1.098  60  49  0.0012 0.0010 0.0019 0.0009 0.0008 0.0010
 PG2349+002 23:51:53  +00:28:17  13.277 -0.191 -0.921 -0.103 -0.116 -0.219  11   5  0.0063 0.0106 0.0078 0.0057 0.0078 0.0060
