     TPHE_A 00:30:09  -46:31:22  14.651  0.793  0.380  0.435  0.405  0.841  29  12  0.00279 0.00464 0.00706 0.00186 0.00353 0.00316
     TPHE_B 00:30:16  -46:27:55  12.334  0.405  0.156  0.262  0.271  0.535  29  17  0.01151 0.00260 0.00390 0.00204 0.00186 0.00353
     TPHE_C 00:30:17  -46:32:34  14.376 -0.298 -1.217 -0.148 -0.211 -0.360  39  23  0.00224 0.00240 0.00432 0.00384 0.01329 0.01489
     TPHE_D 00:30:18  -46:31:11  13.118  1.551  1.871  0.849  0.810  1.663  37  23  0.00329 0.00296 0.01184 0.00148 0.00230 0.00296
     TPHE_E 00:30:19  -46:24:36  11.630  0.443 -0.103  0.276  0.283  0.564  34   8  0.00171 0.00120 0.00240 0.00069 0.00154 0.00189
     TPHE_F 00:30:50  -46:33:33  12.474  0.855  0.532  0.492  0.435  0.926   5   3  0.00045 0.00581 0.01610 0.00045 0.00402 0.00358
     TPHE_G 00:31:05  -46:22:43  10.442  1.546  1.915  0.934  1.085  2.025   5   3  0.00045 0.00134 0.00358 0.00045 0.00089 0.00089
 PG0029+024 00:31:50  +02:38:26  15.268  0.362 -0.184  0.251  0.337  0.593   5   2  0.00939 0.01744 0.01118 0.01610 0.01252 0.00671
 PG0039+049 00:42:05  +05:09:44  12.877 -0.019 -0.871  0.067  0.097  0.164   4   3  0.00200 0.00300 0.00550 0.00350 0.00550 0.00450
     92_309 00:53:14  +00:46:06  13.842  0.513 -0.024  0.326  0.325  0.652   2   1  0.00354 0.00566 0.00283 0.00141 0.00354 0.00141
     92_235 00:53:16  +00:36:22  10.595  1.638  1.984  0.894  0.911  1.806   5   2  0.00581 0.00447 0.00984 0.00313 0.00447 0.00671
     92_322 00:53:47  +00:47:41  12.676  0.528 -0.002  0.302  0.305  0.608   2   1  0.00071 0.00495 0.00283 0.00141 0.00071 0.00071
     92_245 00:54:16  +00:39:56  13.818  1.418  1.189  0.929  0.907  1.836  21   8  0.00284 0.00786 0.03011 0.00240 0.00240 0.00284
     92_248 00:54:31  +00:40:20  15.346  1.128  1.289  0.690  0.553  1.245   4   2  0.02550 0.01600 0.09550 0.02150 0.01450 0.01750
     92_249 00:54:34  +00:41:10  14.325  0.699  0.240  0.399  0.370  0.770  17   8  0.00485 0.00849 0.01140 0.00461 0.00655 0.00728
     92_250 00:54:37  +00:39:01  13.178  0.814  0.480  0.446  0.394  0.840  20   9  0.00224 0.00335 0.00738 0.00224 0.00224 0.00291
     92_330 00:54:44  +00:43:31  15.073  0.568 -0.115  0.331  0.334  0.666   2   1  0.01414 0.02970 0.01626 0.03041 0.00000 0.03041
     92_252 00:54:48  +00:39:28  14.932  0.517 -0.140  0.326  0.332  0.666  41  18  0.00328 0.00547 0.00818 0.00475 0.00715 0.00678
     92_253 00:54:52  +00:40:24  14.085  1.131  0.955  0.719  0.616  1.337  39  17  0.00320 0.00624 0.02210 0.00272 0.00432 0.00496
     92_335 00:55:00  +00:44:18  12.523  0.672  0.208  0.380  0.338  0.719   2   1  0.00071 0.00283 0.00495 0.00000 0.00141 0.00141
     92_339 00:55:03  +00:44:16  15.579  0.449 -0.177  0.306  0.339  0.645  19   8  0.00872 0.01170 0.01262 0.01170 0.01973 0.01767
     92_342 00:55:10  +00:43:19  11.613  0.436 -0.042  0.266  0.270  0.538  48  34  0.00130 0.00115 0.00231 0.00130 0.00087 0.00159
     92_188 00:55:10  +00:23:17  14.751  1.050  0.751  0.679  0.573  1.254  14   6  0.00962 0.01871 0.05506 0.00508 0.00428 0.00882
     92_409 00:55:14  +00:56:12  10.627  1.138  1.136  0.734  0.625  1.361   5   3  0.00313 0.00268 0.00850 0.00224 0.00268 0.00179
     92_410 00:55:15  +01:01:54  14.984  0.398 -0.134  0.239  0.242  0.484  27  13  0.00577 0.00635 0.00828 0.00520 0.01020 0.01174
     92_412 00:55:16  +01:01:58  15.036  0.457 -0.152  0.285  0.304  0.589  27  13  0.00539 0.00770 0.01328 0.00693 0.00943 0.01058
     92_259 00:55:22  +00:40:34  14.997  0.642  0.108  0.370  0.452  0.821   3   1  0.01155 0.02194 0.02136 0.01905 0.02021 0.01501
     92_345 00:55:24  +00:51:11  15.216  0.745  0.121  0.465  0.476  0.941   2   1  0.00071 0.00141 0.03394 0.00566 0.01131 0.00566
     92_347 00:55:26  +00:50:53  15.752  0.543 -0.097  0.339  0.318  0.658   4   2  0.02550 0.02800 0.03550 0.02950 0.07550 0.09950
     92_260 00:55:29  +00:37:12  15.071  1.162  1.115  0.719  0.608  1.328   9   4  0.00900 0.00933 0.04767 0.00700 0.00567 0.00800
     92_348 00:55:30  +00:44:39  12.109  0.598  0.056  0.345  0.341  0.688   4   2  0.00100 0.00150 0.00350 0.00150 0.00050 0.00200
     92_417 00:55:32  +00:53:12  15.922  0.477 -0.185  0.351  0.305  0.657   6   3  0.01266 0.01878 0.03184 0.01511 0.06777 0.06246
     92_263 00:55:40  +00:36:23  11.782  1.048  0.843  0.563  0.522  1.087  52  35  0.00111 0.00139 0.00333 0.00097 0.00111 0.00153
     92_497 00:55:54  +01:11:46  13.642  0.729  0.257  0.404  0.378  0.783   1   1  0.00000 0.00000 0.00000 0.00000 0.00000 0.00000
     92_498 00:55:57  +01:10:44  14.408  1.010  0.794  0.648  0.531  1.181   1   1  0.00000 0.00000 0.00000 0.00000 0.00000 0.00000
     92_500 00:55:58  +01:10:29  15.841  1.003  0.211  0.738  0.599  1.338   1   1  0.00000 0.00000 0.00000 0.00000 0.00000 0.00000
     92_425 00:55:59  +00:53:03  13.941  1.191  1.173  0.755  0.627  1.384  36  19  0.00383 0.00667 0.01150 0.00233 0.00267 0.00383
     92_501 00:56:00  +01:10:57  12.958  0.610  0.068  0.345  0.331  0.677   1   1  0.00000 0.00000 0.00000 0.00000 0.00000 0.00000
     92_426 00:56:00  +00:52:58  14.466  0.729  0.184  0.412  0.396  0.809   8   4  0.00990 0.01308 0.02934 0.00778 0.01237 0.01202
     92_355 00:56:06  +00:50:52  14.965  1.164  1.201  0.759  0.645  1.406  15   7  0.00878 0.01239 0.04648 0.00697 0.00516 0.00904
     92_427 00:56:07  +01:00:23  14.953  0.809  0.352  0.462  2.922  3.275   2   1  0.00212 0.00849 0.02333 0.00141 0.01131 0.00919
     92_502 00:56:08  +01:04:29  11.812  0.486 -0.095  0.284  0.292  0.576   1   1  0.00000 0.00000 0.00000 0.00000 0.00000 0.00000
     92_430 00:56:16  +00:53:21  14.440  0.567 -0.040  0.338  0.338  0.676  35  18  0.00406 0.00524 0.00811 0.00287 0.00490 0.00507
     92_276 00:56:27  +00:41:57  12.036  0.629  0.067  0.368  0.357  0.726  21  11  0.00393 0.00218 0.00393 0.00306 0.00306 0.00524
     92_282 00:56:47  +00:38:34  12.969  0.318 -0.038  0.201  0.221  0.422  27  15  0.00308 0.00231 0.00443 0.00173 0.00231 0.00327
     92_508 00:56:51  +01:09:40  11.679  0.529 -0.047  0.318  0.320  0.639   3   2  0.00346 0.00462 0.00289 0.00577 0.00289 0.00289
     92_507 00:56:51  +01:06:03  11.332  0.932  0.688  0.507  0.461  0.969   3   2  0.00058 0.00462 0.00058 0.00115 0.00058 0.00115
     92_364 00:56:53  +00:44:07  11.673  0.607 -0.037  0.356  0.357  0.714   4   2  0.00150 0.00150 0.00850 0.00450 0.00100 0.00550
     92_433 00:56:54  +01:00:47  11.667  0.655  0.110  0.367  0.348  0.716   3   2  0.00058 0.00346 0.01155 0.00289 0.00173 0.00231
     92_288 00:57:17  +00:36:52  11.630  0.855  0.472  0.489  0.441  0.931  48  33  0.00144 0.00144 0.00217 0.00115 0.00087 0.00130
       F_11 01:04:22  +04:13:37  12.065 -0.240 -0.978 -0.120 -0.142 -0.261  63  47  0.00088 0.00113 0.00239 0.00113 0.00164 0.00214
       F_16 01:54:08  -06:42:54  12.406 -0.012  0.009 -0.003  0.002 -0.001  45  32  0.00134 0.00134 0.00268 0.00149 0.00179 0.00209
     93_407 01:54:37  +00:53:59  11.971  0.852  0.564  0.487  0.421  0.908   5   3  0.00268 0.00313 0.01342 0.00313 0.00358 0.00268
     93_317 01:54:38  +00:43:11  11.546  0.488 -0.055  0.293  0.298  0.592  37  28  0.00066 0.00082 0.00181 0.00066 0.00082 0.00082
     93_333 01:55:05  +00:45:54  12.011  0.832  0.436  0.469  0.422  0.892  38  28  0.00146 0.00178 0.00260 0.00097 0.00114 0.00162
     93_424 01:55:26  +00:56:54  11.620  1.083  0.943  0.554  0.502  1.058  40  29  0.00095 0.00142 0.00411 0.00079 0.00079 0.00079
      G3_33 02:00:09  +13:04:04  12.298  1.804  1.316  1.355  1.751  3.099  11   5  0.00302 0.00965 0.01447 0.00392 0.00452 0.00482
PG0220+132B 02:23:34  +13:28:11  14.216  0.937  0.319  0.562  0.496  1.058   3   2  0.00808 0.03753 0.05831 0.00577 0.01270 0.00693
 PG0220+132 02:23:38  +13:27:42  14.760 -0.132 -0.922 -0.050 -0.120 -0.170   5   3  0.00626 0.01118 0.01029 0.00984 0.01699 0.02639
PG0220+132A 02:23:39  +13:27:37  15.771  0.783 -0.339  0.514  0.481  0.995   3   2  0.01501 0.06986 0.05369 0.01097 0.05889 0.04792
       F_22 02:30:17  +05:15:51  12.799 -0.054 -0.806 -0.103 -0.105 -0.207  60  50  0.00142 0.00168 0.00297 0.00116 0.00284 0.00349
PG0231+051E 02:33:28  +05:19:48  13.804  0.677  0.201  0.390  0.369  0.757   3   2  0.00462 0.00404 0.00751 0.00346 0.00173 0.00231
PG0231+051D 02:33:33  +05:19:32  14.027  1.088  1.046  0.675  0.586  1.256   3   2  0.00289 0.00751 0.03118 0.00808 0.00635 0.01097
PG0231+051A 02:33:40  +05:17:41  12.772  0.710  0.270  0.405  0.394  0.799   7   4  0.00076 0.00151 0.00302 0.00113 0.00302 0.00302
PG0231+051C 02:33:41  +05:20:22  13.702  0.671  0.114  0.399  0.385  0.783   2   1  0.00141 0.00778 0.01485 0.00283 0.00636 0.00849
 PG0231+051 02:33:41  +05:18:43  16.105 -0.329 -1.192 -0.162 -0.371 -0.534   7   4  0.00680 0.00832 0.00454 0.02759 0.10659 0.12208
PG0231+051B 02:33:45  +05:17:33  14.735  1.448  1.342  0.954  0.998  1.951   7   4  0.00302 0.00718 0.01776 0.00340 0.00265 0.00567
       F_24 02:35:08  +03:43:57  12.411 -0.203 -1.169  0.090  0.364  0.451  76  65  0.00161 0.00115 0.00298 0.00149 0.00149 0.00206
     94_171 02:53:38  +00:17:34  12.659  0.817  0.304  0.480  0.483  0.964  18   9  0.00283 0.00354 0.00448 0.00354 0.00189 0.00377
     94_296 02:55:20  +00:28:29  12.255  0.750  0.235  0.415  0.387  0.803   2   1  0.00212 0.00141 0.00141 0.00212 0.00212 0.00000
     94_394 02:56:14  +00:35:25  12.273  0.545 -0.047  0.344  0.330  0.676   2   1  0.00283 0.00141 0.00141 0.00071 0.00141 0.00071
     94_401 02:56:31  +00:40:21  14.293  0.638  0.098  0.389  0.369  0.759   2   1  0.00141 0.00283 0.01202 0.00636 0.00354 0.00990
     94_242 02:57:21  +00:18:54  11.728  0.301  0.107  0.178  0.184  0.362  60  53  0.00116 0.00103 0.00219 0.00129 0.00103 0.00168
     94_251 02:57:46  +00:16:18  11.204  1.219  1.281  0.659  0.587  1.247  52  45  0.00097 0.00111 0.00333 0.00083 0.00069 0.00111
     94_702 02:58:13  +01:11:09  11.594  1.418  1.621  0.756  0.673  1.430  64  56  0.00100 0.00137 0.00463 0.00088 0.00088 0.00112
      GD_50 03:48:50  -00:58:33  14.063 -0.276 -1.191 -0.145 -0.180 -0.325  43  24  0.00320 0.00366 0.00564 0.00427 0.00762 0.00976
      95_15 03:52:40  -00:05:03  11.302  0.712  0.157  0.424  0.385  0.809   2   1  0.00071 0.00071 0.00354 0.00141 0.00141 0.00283
     95_301 03:52:41  +00:31:37  11.216  1.290  1.296  0.692  0.620  1.311  47  40  0.00146 0.00146 0.00481 0.00088 0.00073 0.00131
      95_16 03:52:41  -00:04:47  14.313  1.306  1.322  0.796  0.676  1.472   4   2  0.01200 0.01600 0.03100 0.01350 0.00600 0.00900
     95_302 03:52:42  +00:31:37  11.694  0.825  0.447  0.471  0.420  0.891  29  20  0.00204 0.00149 0.00557 0.00130 0.00111 0.00167
      95_96 03:52:54  +00:00:37  10.010  0.147  0.072  0.079  0.095  0.174  70  55  0.00155 0.00120 0.00323 0.00096 0.00108 0.00143
      95_97 03:52:57  -00:00:01  14.818  0.906  0.380  0.522  0.546  1.068   2   1  0.00071 0.02263 0.02121 0.00283 0.01909 0.02121
      95_98 03:53:00  +00:03:11  14.448  1.181  1.092  0.723  0.620  1.342   2   1  0.00071 0.00141 0.01768 0.00919 0.00707 0.01626
     95_100 03:53:01  +00:00:31  15.633  0.791  0.051  0.538  0.421  0.961   3   1  0.02829 0.07852 0.11316 0.01443 0.05716 0.04388
     95_101 03:53:04  +00:03:12  12.677  0.778  0.263  0.436  0.426  0.863   2   1  0.00283 0.00283 0.00990 0.00636 0.00636 0.01202
     95_102 03:53:07  +00:01:28  15.622  1.001  0.162  0.448  0.618  1.065   3   1  0.03349 0.08025 0.06120 0.01155 0.05081 0.06178
     95_252 03:53:11  +00:27:37  15.394  1.452  1.178  0.816  0.747  1.566   6   3  0.00653 0.02572 0.04327 0.00898 0.00857 0.01306
     95_190 03:53:13  +00:16:39  12.627  0.287  0.236  0.195  0.220  0.415  44  22  0.00196 0.00166 0.00392 0.00166 0.00151 0.00211
     95_193 03:53:20  +00:16:50  14.338  1.211  1.239  0.748  0.616  1.366  20  10  0.00492 0.00626 0.02549 0.00425 0.00335 0.00581
     95_105 03:53:21  -00:00:01  13.574  0.976  0.627  0.550  0.536  1.088   1   1  0.00000 0.00000 0.00000 0.00000 0.00000 0.00000
     95_107 03:53:25  +00:02:36  16.275  1.324  1.115  0.947  0.962  1.907   2   1  0.00354 0.10677 0.17324 0.04384 0.02263 0.02121
     95_106 03:53:25  +00:01:40  15.137  1.251  0.369  0.394  0.508  0.903   2   1  0.00636 0.06152 0.02404 0.15203 0.01273 0.14071
     95_112 03:53:40  -00:00:54  15.502  0.662  0.077  0.605  0.620  1.227   1   1  0.00000 0.00000 0.00000 0.00000 0.00000 0.00000
      95_41 03:53:41  -00:02:12  14.060  0.903  0.297  0.589  0.585  1.176   1   1  0.00000 0.00000 0.00000 0.00000 0.00000 0.00000
     95_317 03:53:44  +00:30:06  13.449  1.320  1.120  0.768  0.708  1.476  24  11  0.00347 0.00674 0.01306 0.00327 0.00122 0.00347
      95_42 03:53:44  -00:04:08  15.606 -0.215 -1.111 -0.119 -0.180 -0.300  41  18  0.00578 0.00734 0.00640 0.00750 0.02686 0.02764
     95_263 03:53:47  +00:26:57  12.679  1.500  1.559  0.801  0.711  1.513  19  10  0.00298 0.00344 0.00941 0.00229 0.00115 0.00275
     95_115 03:53:48  -00:00:29  14.680  0.836  0.096  0.577  0.579  1.157   1   1  0.00000 0.00000 0.00000 0.00000 0.00000 0.00000
      95_43 03:53:49  -00:02:42  10.803  0.510 -0.016  0.308  0.316  0.624  16  10  0.00225 0.00200 0.00275 0.00275 0.00175 0.00350
     95_271 03:54:17  +00:19:08  13.669  1.287  0.916  0.734  0.717  1.453  15   7  0.00568 0.00800 0.01265 0.00232 0.00232 0.00361
     95_328 03:54:19  +00:36:47  13.525  1.532  1.298  0.908  0.868  1.776  23  11  0.00292 0.00542 0.01856 0.00271 0.00146 0.00313
     95_329 03:54:24  +00:37:25  14.617  1.184  1.093  0.766  0.642  1.410  13   6  0.00471 0.01026 0.03106 0.00444 0.00943 0.00888
     95_330 03:54:31  +00:29:23  12.174  1.999  2.233  1.166  1.100  2.268  47  23  0.00248 0.00263 0.01371 0.00204 0.00160 0.00277
     95_275 03:54:44  +00:27:37  13.479  1.763  1.740  1.011  0.931  1.944  40  20  0.00285 0.00538 0.02008 0.00221 0.00158 0.00253
     95_276 03:54:46  +00:26:13  14.118  1.225  1.218  0.748  0.646  1.395  14   7  0.00615 0.01016 0.02165 0.00401 0.00321 0.00508
      95_60 03:54:49  -00:06:46  13.429  0.776  0.197  0.464  0.449  0.914  20  10  0.00313 0.00313 0.00604 0.00291 0.00246 0.00335
     95_218 03:54:50  +00:10:26  12.095  0.708  0.208  0.397  0.370  0.767  20  14  0.00335 0.00224 0.00335 0.00201 0.00201 0.00268
     95_132 03:54:51  +00:05:40  12.064  0.448  0.300  0.259  0.287  0.545  33  27  0.00226 0.00209 0.00574 0.00157 0.00174 0.00261
      95_62 03:55:00  -00:02:36  13.538  1.355  1.181  0.742  0.685  1.428  22  11  0.00298 0.00533 0.01364 0.00192 0.00192 0.00277
     95_137 03:55:04  +00:03:51  14.440  1.457  1.136  0.893  0.845  1.737   1   1  0.00000 0.00000 0.00000 0.00000 0.00000 0.00000
     95_139 03:55:05  +00:03:32  12.196  0.923  0.677  0.562  0.476  1.039   3   2  0.00173 0.00462 0.01905 0.00231 0.00173 0.00346
      95_66 03:55:07  -00:09:12  12.892  0.715  0.167  0.426  0.438  0.864   2   1  0.00212 0.00707 0.00354 0.00071 0.00566 0.00495
     95_227 03:55:08  +00:14:54  15.779  0.771  0.034  0.515  0.552  1.067  14   7  0.01176 0.02886 0.04169 0.01149 0.01069 0.01497
     95_142 03:55:09  +00:01:39  12.927  0.588  0.097  0.371  0.375  0.745  22  11  0.00298 0.00298 0.00362 0.00192 0.00171 0.00277
      95_74 03:55:31  -00:08:54  11.531  1.126  0.686  0.600  0.567  1.165  39  34  0.00160 0.00128 0.00352 0.00128 0.00096 0.00128
     95_231 03:55:39  +00:11:02  14.216  0.452  0.297  0.270  0.290  0.560  26  13  0.00431 0.00451 0.00706 0.00451 0.00530 0.00765
     95_284 03:55:44  +00:25:27  13.669  1.398  1.073  0.818  0.766  1.586  20   9  0.00402 0.00783 0.02393 0.00268 0.00358 0.00492
     95_149 03:55:44  +00:07:23  10.938  1.593  1.564  0.874  0.811  1.685  17  11  0.00509 0.00388 0.00946 0.00243 0.00170 0.00291
     95_285 03:55:46  +00:23:59  15.561  0.937  0.703  0.607  0.602  1.210   2   1  0.00707 0.02546 0.06364 0.00707 0.00636 0.01344
     95_236 03:56:13  +00:09:02  11.491  0.736  0.162  0.420  0.411  0.831  35  31  0.00101 0.00135 0.00355 0.00118 0.00085 0.00152
      96_21 04:51:16  -00:14:30  12.182  0.490 -0.004  0.299  0.297  0.598   2   1  0.00283 0.00071 0.00283 0.00566 0.00141 0.00354
      96_36 04:51:43  -00:09:51  10.591  0.247  0.118  0.134  0.136  0.271  34  24  0.00137 0.00120 0.00343 0.00086 0.00086 0.00154
     96_737 04:52:35  +00:22:50  11.716  1.334  1.160  0.733  0.695  1.428  35  26  0.00203 0.00186 0.00524 0.00101 0.00085 0.00135
     96_409 04:52:58  +00:09:26  13.778  0.543  0.042  0.340  0.340  0.682   2   1  0.01061 0.00071 0.02404 0.00849 0.00495 0.01273
      96_83 04:52:59  -00:14:22  11.719  0.179  0.202  0.093  0.097  0.190  37  26  0.00132 0.00099 0.00460 0.00099 0.00132 0.00164
     96_235 04:53:19  -00:04:42  11.140  1.074  0.898  0.559  0.510  1.068  32  22  0.00141 0.00106 0.00283 0.00071 0.00088 0.00088
     G97_42 05:28:01  +09:39:07  12.443  1.639  1.259  1.171  1.485  2.655  23  11  0.00167 0.00354 0.01856 0.00250 0.00313 0.00334
    G102_22 05:42:05  +12:30:14  11.509  1.621  1.134  1.211  1.590  2.800  20  10  0.00134 0.00268 0.00738 0.00335 0.00313 0.00425
      GD_71 05:52:28  +15:33:15  13.032 -0.249 -1.107 -0.137 -0.164 -0.302  86  73  0.00140 0.00129 0.00226 0.00140 0.00205 0.00259
     97_249 05:57:07  +00:01:34  11.733  0.648  0.100  0.369  0.353  0.723  69  62  0.00096 0.00084 0.00144 0.00060 0.00072 0.00096
      97_42 05:57:09  -00:10:50  12.448  1.626  1.208  1.160  1.485  2.641   2   1  0.00566 0.01556 0.01273 0.00707 0.00212 0.00566
     97_345 05:57:26  +00:20:48  11.608  1.655  1.680  0.928  0.844  1.771  23  14  0.00271 0.00396 0.01564 0.00209 0.00146 0.00292
     97_351 05:57:37  +00:14:05   9.781  0.202  0.096  0.124  0.141  0.264 102  83  0.00089 0.00079 0.00198 0.00069 0.00079 0.00099
      97_75 05:57:55  -00:09:07  11.483  1.872  2.100  1.047  0.952  1.999  20  12  0.00380 0.00470 0.01006 0.00291 0.00157 0.00380
     97_284 05:58:25  +00:05:35  10.788  1.363  1.087  0.774  0.725  1.500  77  68  0.00091 0.00103 0.00217 0.00068 0.00057 0.00103
     97_224 05:58:44  -00:04:50  14.085  0.910  0.341  0.553  0.547  1.102   2   1  0.01273 0.01768 0.00495 0.01202 0.01273 0.00000
     98_961 06:51:27  -00:15:15  13.089  1.283  1.003  0.701  0.662  1.362   2   1  0.00212 0.00071 0.00141 0.00212 0.00000 0.00212
     98_966 06:51:29  -00:16:05  14.001  0.469  0.357  0.283  0.331  0.613   2   1  0.00354 0.00141 0.00212 0.00141 0.01909 0.02051
     98_556 06:51:30  -00:24:30  14.137  0.338  0.126  0.196  0.243  0.437   6   3  0.00531 0.00531 0.01306 0.00572 0.00449 0.00898
     98_557 06:51:30  -00:24:45  14.780  1.397  1.072  0.755  0.741  1.494   2   1  0.00071 0.05445 0.02687 0.00919 0.02970 0.01980
     98_562 06:51:31  -00:18:37  12.185  0.522 -0.002  0.305  0.303  0.607   2   1  0.00283 0.00495 0.00354 0.00141 0.00141 0.00000
     98_563 06:51:32  -00:26:04  14.162  0.416 -0.190  0.294  0.317  0.610  10   5  0.00506 0.00854 0.00727 0.00443 0.00791 0.00822
     98_978 06:51:34  -00:11:06  10.572  0.609  0.094  0.349  0.322  0.671  46  38  0.00147 0.00088 0.00162 0.00074 0.00088 0.00118
      98_L1 06:51:39  -00:26:16  15.672  1.243  0.776  0.730  0.712  1.445   3   2  0.00751 0.04619 0.09757 0.01097 0.02540 0.03175
      98_L2 06:51:40  -00:20:49  15.859  1.340  1.497  0.754  0.572  1.327   1   1  0.00000 0.00000 0.00000 0.00000 0.00000 0.00000
     98_581 06:51:40  -00:25:21  14.556  0.238  0.161  0.118  0.244  0.361   7   3  0.02457 0.02797 0.02003 0.01928 0.01965 0.01550
     98_580 06:51:40  -00:26:21  14.728  0.367  0.303  0.241  0.305  0.547   4   2  0.02550 0.01850 0.01850 0.01250 0.04600 0.03950
      98_L3 06:51:42  -00:14:56  14.614  1.936  1.837  1.091  1.047  2.142   4   2  0.01450 0.02650 0.14500 0.00900 0.00700 0.01100
      98_L4 06:51:42  -00:16:13  16.332  1.344  1.086  0.936  0.785  1.726   2   2  0.05798 0.03253 0.34295 0.02051 0.03677 0.05798
    98_1002 06:51:43  -00:15:31  14.568  0.574 -0.027  0.354  0.379  0.733   4   2  0.00550 0.00650 0.01100 0.00700 0.01250 0.01300
     98_590 06:51:43  -00:21:59  14.642  1.352  0.853  0.753  0.747  1.500   4   2  0.01100 0.01200 0.05250 0.00500 0.01050 0.01350
     98_614 06:51:49  -00:20:12  15.674  1.063  0.399  0.834  0.645  1.480   2   1  0.04243 0.04738 0.03111 0.02263 0.03677 0.05798
     98_618 06:51:50  -00:20:55  12.723  2.192  2.144  1.254  1.151  2.407  14   7  0.00508 0.00748 0.03074 0.00347 0.00321 0.00454
     98_624 06:51:52  -00:19:54  13.811  0.791  0.394  0.417  0.404  0.822   2   1  0.01414 0.02404 0.00424 0.00141 0.02121 0.01980
     98_626 06:51:53  -00:20:24  14.758  1.406  1.067  0.806  0.816  1.624   2   1  0.00707 0.00283 0.04384 0.00919 0.02051 0.01131
     98_627 06:51:53  -00:21:41  14.900  0.689  0.078  0.428  0.387  0.817   2   1  0.00636 0.01697 0.00849 0.00071 0.01273 0.01273
     98_634 06:51:56  -00:20:35  14.608  0.647  0.123  0.382  0.372  0.757   2   1  0.00424 0.00495 0.01273 0.01131 0.01768 0.00636
     98_642 06:51:59  -00:21:11  15.290  0.571  0.318  0.302  0.393  0.697   2   1  0.01909 0.04525 0.01202 0.01980 0.00212 0.01768
     98_185 06:52:02  -00:26:59  10.536  0.202  0.113  0.109  0.124  0.231  45  37  0.00179 0.00089 0.00328 0.00104 0.00134 0.00179
     98_646 06:52:03  -00:20:56  15.839  1.060  1.426  0.583  0.504  1.090   1   1  0.00000 0.00000 0.00000 0.00000 0.00000 0.00000
     98_193 06:52:04  -00:26:56  10.030  1.180  1.152  0.615  0.537  1.153  44  35  0.00151 0.00075 0.00226 0.00106 0.00075 0.00151
     98_653 06:52:05  -00:17:57   9.539 -0.004 -0.099  0.009  0.008  0.017  65  50  0.00136 0.00037 0.00087 0.00074 0.00074 0.00112
     98_650 06:52:05  -00:19:18  12.271  0.157  0.110  0.080  0.086  0.166  31  20  0.00198 0.00144 0.00413 0.00162 0.00216 0.00269
     98_652 06:52:05  -00:21:36  14.817  0.611  0.126  0.276  0.339  0.618   2   1  0.01131 0.02970 0.01768 0.04525 0.02404 0.02263
     98_666 06:52:10  -00:23:12  12.732  0.164 -0.004  0.091  0.108  0.200  25  14  0.00340 0.00280 0.00420 0.00420 0.00300 0.00480
     98_671 06:52:12  -00:18:00  13.385  0.968  0.719  0.575  0.494  1.071  27  15  0.00366 0.00481 0.01078 0.00327 0.00346 0.00462
     98_670 06:52:12  -00:18:55  11.930  1.356  1.313  0.723  0.653  1.375  32  19  0.00159 0.00177 0.00583 0.00177 0.00124 0.00230
     98_676 06:52:14  -00:18:59  13.068  1.146  0.666  0.683  0.673  1.352  17   8  0.00315 0.00412 0.01067 0.00146 0.02183 0.00315
     98_675 06:52:14  -00:19:19  13.398  1.909  1.936  1.082  1.002  2.085  44  21  0.00256 0.00347 0.02834 0.00181 0.00181 0.00241
      98_L5 06:52:16  -00:19:17  17.800  1.900 -0.100  3.100  2.600  5.800   6   3  0.16330 0.32660 0.44907 0.12247 0.04082 0.12247
     98_682 06:52:17  -00:19:20  13.749  0.632  0.098  0.366  0.352  0.717  13   7  0.00388 0.00388 0.00638 0.00166 0.00250 0.00388
     98_685 06:52:19  -00:19:57  11.954  0.463  0.096  0.290  0.280  0.570  22  14  0.00298 0.00213 0.00277 0.00235 0.00213 0.00341
     98_688 06:52:19  -00:23:12  12.754  0.293  0.245  0.158  0.180  0.337  21  11  0.00327 0.00240 0.00807 0.00371 0.00502 0.00742
    98_1082 06:52:20  -00:13:53  15.010  0.835 -0.001  0.485  0.619  1.102   3   1  0.00577 0.01386 0.02252 0.00289 0.01328 0.01617
    98_1087 06:52:21  -00:15:28  14.439  1.595  1.284  0.928  0.882  1.812  12   5  0.00404 0.01415 0.05918 0.00346 0.00491 0.00722
    98_1102 06:52:28  -00:13:21  12.113  0.314  0.089  0.193  0.195  0.388  15   8  0.00336 0.00258 0.00594 0.00258 0.00361 0.00516
    98_1112 06:52:35  -00:15:01  13.975  0.814  0.286  0.443  0.431  0.874   5   2  0.00671 0.00402 0.01521 0.00537 0.00313 0.00760
    98_1119 06:52:37  -00:14:11  11.878  0.551  0.069  0.312  0.299  0.611   7   4  0.00227 0.00378 0.00416 0.00189 0.00416 0.00454
    98_1124 06:52:38  -00:16:12  13.707  0.315  0.258  0.173  0.201  0.373  24  12  0.00347 0.00429 0.00796 0.00286 0.00510 0.00572
    98_1122 06:52:38  -00:16:43  14.090  0.595 -0.297  0.376  0.442  0.816  25  12  0.00340 0.00600 0.00740 0.00380 0.00280 0.00460
     98_724 06:52:38  -00:19:00  11.118  1.104  0.904  0.575  0.527  1.103  12   7  0.00346 0.00346 0.00520 0.00231 0.00231 0.00375
     98_733 06:52:40  -00:16:54  12.238  1.285  1.087  0.698  0.650  1.347  20  10  0.00335 0.00425 0.00604 0.00291 0.00224 0.00402
    RU_149G 07:24:10  -00:30:49  12.829  0.541  0.033  0.322  0.322  0.645  18  12  0.00259 0.00401 0.00424 0.00212 0.00259 0.00401
    RU_149A 07:24:12  -00:31:47  14.495  0.298  0.118  0.196  0.196  0.391  18  12  0.00660 0.00519 0.01108 0.00990 0.00849 0.01391
    RU_149F 07:24:13  -00:30:01  13.471  1.115  1.025  0.594  0.538  1.132  19  11  0.00275 0.00780 0.02225 0.00206 0.00229 0.00344
     RU_149 07:24:13  -00:31:58  13.866 -0.129 -0.779 -0.040 -0.068 -0.108  46  30  0.00221 0.00265 0.00310 0.00221 0.00619 0.00693
    RU_149D 07:24:14  -00:31:41  11.480 -0.037 -0.287  0.021  0.008  0.029  18  11  0.00189 0.00212 0.00283 0.00118 0.00189 0.00236
    RU_149C 07:24:16  -00:31:20  14.425  0.195  0.141  0.093  0.127  0.222  18  11  0.00519 0.00424 0.01108 0.00613 0.00990 0.01061
    RU_149B 07:24:16  -00:32:01  12.642  0.662  0.151  0.374  0.354  0.728  15  10  0.00207 0.00336 0.00491 0.00181 0.00258 0.00284
    RU_149E 07:24:17  -00:30:11  13.718  0.522 -0.007  0.321  0.314  0.637  12   8  0.00635 0.00491 0.00693 0.00346 0.00664 0.00866
    RU_152F 07:27:25  -01:58:07  14.564  0.635  0.069  0.382  0.315  0.689  15   8  0.00516 0.00568 0.00955 0.00671 0.01756 0.02221
    RU_152E 07:27:25  -01:58:47  12.362  0.042 -0.086  0.030  0.034  0.065  12   8  0.00144 0.00202 0.00202 0.00144 0.00231 0.00289
     RU_152 07:27:29  -01:59:56  13.014 -0.190 -1.073 -0.057 -0.087 -0.145  40  25  0.00190 0.00237 0.00316 0.00237 0.00300 0.00379
    RU_152B 07:27:30  -01:59:17  15.019  0.500  0.022  0.290  0.309  0.600  23  10  0.00459 0.00876 0.01814 0.00542 0.01752 0.02106
    RU_152A 07:27:31  -01:59:40  14.341  0.543 -0.085  0.325  0.329  0.654  14   8  0.00615 0.00855 0.01684 0.00508 0.00935 0.01310
    RU_152C 07:27:33  -01:58:56  12.222  0.573 -0.013  0.342  0.340  0.683  13   9  0.00250 0.00305 0.00333 0.00222 0.00194 0.00305
    RU_152D 07:27:37  -01:57:54  11.076  0.875  0.491  0.473  0.449  0.921  14  10  0.00134 0.00160 0.00241 0.00107 0.00187 0.00187
     99_438 07:55:54  -00:16:32   9.398 -0.155 -0.725 -0.059 -0.081 -0.141 105  87  0.00137 0.00068 0.00137 0.00068 0.00068 0.00088
     99_447 07:56:07  -00:20:23   9.417 -0.067 -0.225 -0.032 -0.041 -0.074  70  59  0.00084 0.00084 0.00143 0.00084 0.00084 0.00108
    100_241 08:52:35  -00:39:32  10.139  0.157  0.101  0.078  0.085  0.163  53  43  0.00110 0.00069 0.00165 0.00055 0.00055 0.00082
    100_162 08:53:15  -00:43:12   9.150  1.276  1.497  0.649  0.553  1.203  72  53  0.00118 0.00106 0.00259 0.00059 0.00071 0.00094
    100_267 08:53:18  -00:41:14  13.027  0.485 -0.062  0.307  0.302  0.608   3   3  0.00693 0.00231 0.01328 0.00751 0.00404 0.00404
    100_269 08:53:19  -00:40:54  12.350  0.547 -0.040  0.335  0.331  0.666   3   3  0.00346 0.00289 0.01501 0.00346 0.00289 0.00173
    100_280 08:53:36  -00:36:24  11.799  0.494 -0.002  0.295  0.291  0.588  58  47  0.00079 0.00092 0.00144 0.00079 0.00079 0.00118
    100_394 08:53:55  -00:32:04  11.384  1.317  1.457  0.705  0.636  1.341   9   5  0.00800 0.00400 0.00867 0.00233 0.00267 0.00300
PG0918+029D 09:21:22  +02:47:33  12.272  1.044  0.821  0.575  0.535  1.108  19  11  0.00206 0.00298 0.00711 0.00161 0.00184 0.00184
 PG0918+029 09:21:28  +02:46:06  13.327 -0.271 -1.081 -0.129 -0.159 -0.288  45  27  0.00239 0.00239 0.00298 0.00194 0.00552 0.00626
PG0918+029B 09:21:34  +02:48:04  13.963  0.765  0.366  0.417  0.370  0.787  20  11  0.00335 0.00716 0.01588 0.00246 0.00447 0.00559
PG0918+029A 09:21:35  +02:46:23  14.490  0.536 -0.032  0.325  0.336  0.661  29  14  0.00334 0.00576 0.00947 0.00390 0.00761 0.00854
PG0918+029C 09:21:42  +02:46:41  13.537  0.631  0.087  0.367  0.357  0.722  21  10  0.00196 0.00284 0.00480 0.00153 0.00218 0.00284
   -12_2918 09:31:18  -13:29:20  10.067  1.501  1.166  1.067  1.318  2.385  13   9  0.00250 0.00277 0.00749 0.00388 0.00222 0.00416
PG0942-029D 09:45:10  -03:05:50  13.707  0.564  0.129  0.348  0.343  0.687   1   1  0.00000 0.00000 0.00000 0.00000 0.00000 0.00000
PG0942-029A 09:45:10  -03:10:14  14.731  0.783  0.339  0.610  0.477  1.081   1   1  0.00000 0.00000 0.00000 0.00000 0.00000 0.00000
PG0942-029B 09:45:12  -03:06:54  14.108  0.525  0.085  0.368  0.333  0.697   1   1  0.00000 0.00000 0.00000 0.00000 0.00000 0.00000
 PG0942-029 09:45:12  -03:09:21  14.004 -0.294 -1.175 -0.130 -0.149 -0.280  14   7  0.00454 0.00561 0.00695 0.00695 0.01203 0.01443
PG0942-029C 09:45:15  -03:06:36  14.989  0.727  0.369  0.539  0.376  0.909   1   1  0.00000 0.00000 0.00000 0.00000 0.00000 0.00000
    101_315 09:54:51  -00:27:16  11.249  1.153  1.056  0.612  0.559  1.172  19  11  0.00367 0.00184 0.00665 0.00161 0.00115 0.00206
    101_316 09:54:53  -00:18:20  11.552  0.493  0.032  0.293  0.291  0.584  17  10  0.00267 0.00243 0.00364 0.00194 0.00291 0.00315
     101_L1 09:55:30  -00:21:25  16.501  0.757 -0.104  0.421  0.527  0.947   4   1  0.03100 0.03400 0.02900 0.02250 0.08550 0.10700
    101_320 09:55:34  -00:22:19  13.823  1.052  0.690  0.581  0.561  1.141  11   7  0.00482 0.01025 0.01809 0.00392 0.00362 0.00452
     101_L2 09:55:36  -00:18:36  15.770  0.602  0.082  0.321  0.304  0.625   1   1  0.00000 0.00000 0.00000 0.00000 0.00000 0.00000
    101_404 09:55:42  -00:18:09  13.459  0.996  0.697  0.530  0.500  1.029  12   7  0.00404 0.00779 0.00953 0.00491 0.00318 0.00548
    101_324 09:55:58  -00:23:02   9.742  1.161  1.148  0.591  0.519  1.110  56  43  0.00147 0.00094 0.00200 0.00067 0.00067 0.00107
    101_262 09:56:08  -00:29:36  14.295  0.784  0.297  0.440  0.387  0.827   4   2  0.00450 0.01600 0.02050 0.00750 0.01000 0.00350
    101_408 09:56:09  -00:12:28  14.785  1.200  1.347  0.718  0.603  1.321   2   1  0.02404 0.04384 0.01697 0.01697 0.01202 0.02970
    101_326 09:56:09  -00:26:56  14.923  0.729  0.227  0.406  0.375  0.780  13   6  0.00777 0.00943 0.01276 0.00555 0.01109 0.01220
    101_410 09:56:10  -00:13:50  13.646  0.546 -0.063  0.298  0.326  0.623   2   1  0.00849 0.00141 0.00212 0.01061 0.00354 0.00636
    101_327 09:56:10  -00:25:37  13.441  1.155  1.139  0.717  0.574  1.290  28  15  0.00321 0.00567 0.00983 0.00227 0.00170 0.00283
    101_413 09:56:15  -00:11:44  12.583  0.983  0.716  0.529  0.497  1.025   9   6  0.00233 0.00467 0.01033 0.00333 0.00400 0.00400
    101_268 09:56:19  -00:31:43  14.380  1.531  1.381  1.040  1.200  2.237  11   5  0.00784 0.01990 0.07689 0.00482 0.00362 0.00452
    101_330 09:56:22  -00:27:07  13.723  0.577 -0.026  0.346  0.338  0.684  28  14  0.00378 0.00378 0.00510 0.00283 0.00567 0.00643
    101_415 09:56:24  -00:16:40  15.259  0.577 -0.008  0.346  0.350  0.695   2   1  0.00283 0.02475 0.00212 0.01980 0.01344 0.03323
    101_270 09:56:27  -00:35:31  13.711  0.554  0.055  0.332  0.306  0.637   2   1  0.00000 0.00141 0.01273 0.00495 0.00707 0.00141
    101_278 09:56:55  -00:29:26  15.494  1.041  0.737  0.596  0.548  1.144   2   1  0.01838 0.02263 0.02687 0.01980 0.01485 0.03465
     101_L3 09:56:55  -00:30:15  15.953  0.637 -0.033  0.396  0.395  0.792   2   1  0.02333 0.01838 0.07071 0.03818 0.04879 0.08697
    101_281 09:57:05  -00:31:26  11.575  0.812  0.419  0.452  0.412  0.864  19  11  0.00367 0.00184 0.00482 0.00229 0.00115 0.00252
     101_L4 09:57:08  -00:31:16  16.264  0.793  0.362  0.578  0.062  0.644   2   1  0.01697 0.01414 0.00141 0.01909 0.26375 0.28072
     101_L5 09:57:11  -00:31:25  15.928  0.622  0.115  0.414  0.305  0.720   2   1  0.01061 0.02828 0.08627 0.00778 0.01344 0.02121
    101_421 09:57:17  -00:17:05  13.180  0.507 -0.031  0.327  0.296  0.623   2   1  0.00212 0.00212 0.00354 0.00212 0.00071 0.00141
    101_338 09:57:19  -00:20:47  13.788  0.634  0.024  0.350  0.340  0.691   2   1  0.00707 0.00707 0.00424 0.00212 0.00354 0.00141
    101_339 09:57:19  -00:24:48  14.449  0.850  0.501  0.458  0.398  0.857   2   1  0.00990 0.00849 0.00990 0.02404 0.00424 0.02899
    101_424 09:57:21  -00:16:14  15.058  0.764  0.273  0.429  0.425  0.855   2   1  0.02758 0.03889 0.01909 0.02263 0.02051 0.04313
    101_427 09:57:27  -00:17:04  14.964  0.805  0.321  0.484  0.369  0.854   2   1  0.02687 0.02970 0.00141 0.02475 0.01131 0.03677
    101_341 09:57:31  -00:21:40  14.342  0.575  0.059  0.332  0.309  0.641   2   1  0.01131 0.01414 0.00707 0.00071 0.00778 0.00707
    101_342 09:57:32  -00:21:37  15.556  0.529 -0.065  0.339  0.419  0.758   2   1  0.01414 0.00849 0.00849 0.02404 0.00212 0.02263
    101_343 09:57:32  -00:22:42  15.504  0.606  0.094  0.396  0.338  0.734   2   1  0.02758 0.04879 0.01768 0.02263 0.02546 0.04808
    101_429 09:57:33  -00:18:05  13.496  0.980  0.782  0.617  0.526  1.143  23  13  0.00392 0.00188 0.00605 0.00167 0.00200 0.00304
    101_431 09:57:38  -00:17:39  13.684  1.246  1.144  0.808  0.708  1.517  23  13  0.00563 0.00626 0.01022 0.00334 0.00292 0.00417
     101_L6 09:57:40  -00:17:40  16.497  0.711  0.183  0.445  0.583  1.024   2   1  0.02192 0.00919 0.03111 0.01131 0.16476 0.17324
    101_207 09:57:53  -00:47:23  12.419  0.515 -0.078  0.321  0.320  0.641  22  14  0.00277 0.00384 0.00618 0.00171 0.00192 0.00235
    101_363 09:58:20  -00:25:23   9.874  0.261  0.129  0.146  0.151  0.297  53  44  0.00124 0.00082 0.00247 0.00082 0.00082 0.00110
     GD_108 10:00:47  -07:33:31  13.561 -0.215 -0.942 -0.098 -0.122 -0.220  21  12  0.00284 0.00415 0.00393 0.00415 0.00502 0.00546
    G162_66 10:33:43  -11:40:39  13.012 -0.165 -0.996 -0.126 -0.141 -0.266  80  64  0.00145 0.00134 0.00224 0.00101 0.00201 0.00246
     G44_27 10:36:02  +05:07:11  12.636  1.586  1.088  1.185  1.526  2.714   8   4  0.01202 0.01061 0.01061 0.00460 0.00389 0.00318
 PG1034+001 10:37:17  -00:07:25  13.228 -0.365 -1.274 -0.155 -0.203 -0.359  33  16  0.00244 0.00244 0.00331 0.00261 0.00418 0.00540
     G163_6 10:42:55  +02:47:22  14.706  1.550  1.228  1.090  1.384  2.478   4   3  0.00700 0.01150 0.06550 0.00900 0.00150 0.00850
 PG1047+003 10:50:03  -00:00:30  13.474 -0.290 -1.121 -0.132 -0.162 -0.295  32  18  0.00389 0.00301 0.00407 0.00371 0.00884 0.01096
PG1047+003A 10:50:06  -00:01:06  13.512  0.688  0.168  0.422  0.418  0.840  15   7  0.00465 0.00491 0.00671 0.00258 0.00258 0.00361
PG1047+003B 10:50:09  -00:01:58  14.751  0.679  0.172  0.391  0.371  0.764  13   5  0.00499 0.00860 0.01276 0.00222 0.00804 0.00860
PG1047+003C 10:50:18  -00:00:21  12.453  0.607 -0.019  0.378  0.358  0.737  11   6  0.00935 0.00241 0.00603 0.00362 0.00332 0.00452
     G44_40 10:50:54  +06:48:57  11.675  1.644  1.213  1.216  1.568  2.786  13   6  0.00333 0.00305 0.00915 0.00305 0.00166 0.00388
    102_620 10:55:06  -00:48:13  10.069  1.083  1.020  0.642  0.524  1.167  54  45  0.00095 0.00095 0.00177 0.00109 0.00082 0.00122
     G45_20 10:56:38  +07:02:23  13.507  2.034  1.165  1.823  2.174  4.000  19  10  0.00596 0.00688 0.03464 0.00734 0.00252 0.00619
   102_1081 10:57:05  -00:13:04   9.903  0.664  0.255  0.366  0.333  0.698  58  50  0.00092 0.00092 0.00171 0.00079 0.00079 0.00105
    G163_27 10:57:35  -07:31:23  14.338  0.288 -0.548  0.206  0.210  0.417  26  15  0.00549 0.00471 0.00647 0.00412 0.00745 0.00824
    G163_50 11:08:00  -05:09:26  13.059  0.035 -0.688 -0.085 -0.072 -0.159  54  41  0.00136 0.00204 0.00231 0.00122 0.00204 0.00272
    G163_51 11:08:07  -05:13:47  12.576  1.506  1.228  1.084  1.359  2.441  29  16  0.00464 0.00464 0.01820 0.00186 0.00353 0.00409
     G10_50 11:47:44  +00:48:55  11.153  1.752  1.318  1.294  1.673  2.969  14   7  0.00241 0.00241 0.00775 0.00374 0.00214 0.00374
    103_302 11:56:06  -00:47:54   9.861  0.368 -0.056  0.228  0.237  0.465  57  45  0.00159 0.00106 0.00172 0.00093 0.00093 0.00146
    103_626 11:56:47  -00:21:47  11.836  0.413 -0.057  0.262  0.274  0.535  17  10  0.00340 0.00267 0.00315 0.00218 0.00146 0.00243
     G12_43 12:33:20  +09:01:08  12.467  1.846  1.085  1.530  1.944  3.479  13   6  0.00416 0.00527 0.04659 0.00527 0.00388 0.00333
    104_306 12:41:04  -00:37:15   9.370  1.592  1.666  0.832  0.762  1.591  89  68  0.00668 0.00297 0.00594 0.00201 0.00244 0.00329
    104_423 12:41:36  -00:31:18  15.602  0.630  0.050  0.262  0.559  0.818   2   1  0.02475 0.03889 0.02687 0.03606 0.11667 0.15203
    104_428 12:41:41  -00:26:30  12.630  0.985  0.748  0.534  0.497  1.032  25  16  0.00380 0.00280 0.00440 0.00240 0.00180 0.00360
     104_L1 12:41:44  -00:22:47  14.608  0.630  0.064  0.374  0.364  0.739   2   1  0.00071 0.00141 0.01273 0.01131 0.01626 0.00424
    104_430 12:41:50  -00:25:56  13.858  0.652  0.131  0.364  0.363  0.727  15   8  0.00516 0.00620 0.00852 0.00465 0.00413 0.00645
    104_325 12:42:03  -00:41:39  15.581  0.694  0.051  0.345  0.307  0.652   2   1  0.01626 0.04313 0.02192 0.02546 0.01485 0.04031
    104_330 12:42:12  -00:40:43  15.296  0.594 -0.028  0.369  0.371  0.739  15   6  0.01033 0.02763 0.01549 0.01239 0.02143 0.02246
    104_440 12:42:14  -00:24:51  15.114  0.440 -0.227  0.289  0.317  0.605  11   5  0.00814 0.00844 0.01025 0.00693 0.02322 0.02623
    104_237 12:42:17  -00:51:21  15.395  1.088  0.918  0.647  0.628  1.274   1   1  0.00000 0.00000 0.00000 0.00000 0.00000 0.00000
     104_L2 12:42:19  -00:35:16  16.048  0.650 -0.172  0.344  0.323  0.667   4   2  0.01900 0.02650 0.04500 0.02950 0.07550 0.10000
    104_443 12:42:20  -00:25:25  15.372  1.331  1.280  0.817  0.778  1.595   3   2  0.00866 0.00231 0.11201 0.01386 0.01039 0.02021
    104_444 12:42:20  -00:32:32  13.477  0.512 -0.070  0.313  0.331  0.643   2   1  0.00141 0.00990 0.00849 0.00212 0.00141 0.00071
    104_335 12:42:21  -00:33:12  11.665  0.622  0.145  0.357  0.334  0.691   4   2  0.00950 0.00100 0.00200 0.00350 0.00450 0.00700
    104_334 12:42:21  -00:40:31  13.484  0.518 -0.067  0.323  0.331  0.653  24  16  0.00469 0.00306 0.00388 0.00286 0.00306 0.00469
    104_239 12:42:23  -00:46:36  13.936  1.356  1.291  0.868  0.805  1.675   7   3  0.00605 0.00869 0.02306 0.00454 0.00302 0.00567
    104_336 12:42:25  -00:40:02  14.404  0.830  0.495  0.461  0.403  0.865  14   6  0.00668 0.00722 0.01229 0.00588 0.00989 0.01042
    104_338 12:42:31  -00:38:36  16.059  0.591 -0.082  0.348  0.372  0.719   8   5  0.00778 0.02192 0.03677 0.00884 0.02086 0.01697
    104_339 12:42:34  -00:41:43  15.459  0.832  0.709  0.476  0.374  0.849   1   1  0.00000 0.00000 0.00000 0.00000 0.00000 0.00000
    104_244 12:42:35  -00:45:51  16.011  0.590 -0.152  0.338  0.489  0.825   2   2  0.00919 0.00566 0.01131 0.00354 0.02687 0.02899
    104_455 12:42:52  -00:24:22  15.105  0.581 -0.024  0.360  0.357  0.716  13   7  0.00666 0.01442 0.01220 0.00527 0.00888 0.01220
    104_456 12:42:53  -00:32:09  12.362  0.622  0.135  0.357  0.337  0.694   4   2  0.00250 0.00250 0.00450 0.00350 0.00650 0.00800
    104_457 12:42:54  -00:28:52  16.048  0.753  0.522  0.484  0.490  0.974   9   4  0.01067 0.01867 0.07700 0.01833 0.03700 0.02133
    104_460 12:43:03  -00:28:25  12.886  1.287  1.243  0.813  0.693  1.507  24  16  0.00429 0.00327 0.00674 0.00225 0.00204 0.00327
    104_461 12:43:06  -00:32:25   9.705  0.476 -0.030  0.289  0.290  0.580  95  74  0.00103 0.00082 0.00133 0.00072 0.00062 0.00062
    104_350 12:43:14  -00:33:25  13.634  0.673  0.165  0.383  0.353  0.736  14   7  0.00428 0.00347 0.00561 0.00321 0.00454 0.00615
    104_470 12:43:22  -00:30:00  14.310  0.732  0.101  0.295  0.356  0.649   3   1  0.01212 0.00924 0.02021 0.01328 0.00346 0.01501
    104_364 12:43:46  -00:34:34  15.799  0.601 -0.131  0.314  0.397  0.712   2   1  0.01556 0.04879 0.05586 0.00849 0.04101 0.04950
    104_366 12:43:53  -00:34:56  12.908  0.870  0.424  0.517  0.464  0.982   1   1  0.00000 0.00000 0.00000 0.00000 0.00000 0.00000
    104_479 12:43:55  -00:32:55  16.087  1.271  0.673  0.657  0.607  1.264   2   1  0.03394 0.02758 0.39952 0.00283 0.00354 0.00707
    104_367 12:43:58  -00:33:40  15.844  0.639 -0.126  0.382  0.296  0.679   2   1  0.02546 0.02121 0.01556 0.01768 0.00424 0.02263
    104_484 12:44:20  -00:31:01  14.406  1.024  0.732  0.514  0.486  1.000   2   1  0.00707 0.01838 0.01344 0.00566 0.00636 0.01202
    104_485 12:44:23  -00:30:20  15.017  0.838  0.493  0.478  0.488  0.967   2   1  0.01131 0.03394 0.02263 0.00141 0.01131 0.00990
    104_490 12:44:33  -00:25:57  12.572  0.535  0.048  0.318  0.312  0.630  12   8  0.00289 0.00318 0.00520 0.00231 0.00231 0.00260
    104_598 12:45:17  -00:16:41  11.479  1.106  1.050  0.670  0.546  1.215  70  59  0.00167 0.00108 0.00275 0.00096 0.00084 0.00120
     G14_55 13:28:22  -02:21:28  11.336  1.491  1.157  1.078  1.388  2.462   5   2  0.00581 0.00492 0.00760 0.00671 0.00134 0.00626
 PG1323-086 13:25:39  -08:49:18  13.481 -0.140 -0.681 -0.048 -0.078 -0.127  39  18  0.00192 0.00224 0.00256 0.00176 0.00448 0.00448
PG1323-086A 13:25:49  -08:50:24  13.591  0.393 -0.019  0.252  0.252  0.506  20  12  0.02571 0.00224 0.00447 0.00268 0.00470 0.00604
PG1323-086C 13:25:50  -08:48:39  14.003  0.707  0.245  0.395  0.363  0.759  26  13  0.00314 0.00275 0.00765 0.00235 0.00412 0.00490
PG1323-086B 13:25:50  -08:51:55  13.406  0.761  0.265  0.426  0.407  0.833  23  13  0.00188 0.00292 0.00417 0.00229 0.00229 0.00313
PG1323-086D 13:26:05  -08:50:36  12.080  0.587  0.005  0.346  0.335  0.684  15   6  0.00232 0.00181 0.00361 0.00129 0.00258 0.00310
    105_505 13:35:24  -00:23:47  10.270  1.422  1.218  0.910  0.861  1.771   6   3  0.00612 0.01021 0.00531 0.00531 0.00327 0.00694
    105_437 13:37:17  -00:38:05  12.535  0.248  0.067  0.136  0.143  0.279   7   3  0.00605 0.00378 0.00945 0.00529 0.00265 0.00756
    105_815 13:40:04  -00:02:19  11.453  0.385 -0.237  0.267  0.291  0.560  22  14  0.00160 0.00298 0.00275 0.00126 0.00134 0.00151
    +2_2711 13:42:20  +01:29:58  10.367 -0.166 -0.697 -0.072 -0.095 -0.167  54  39  0.00122 0.00136 0.00177 0.00082 0.00095 0.00122
     121968 13:58:51  -02:55:38  10.254 -0.186 -0.908 -0.073 -0.098 -0.172  46  32  0.00118 0.00103 0.00206 0.00074 0.00103 0.00118
 PG1407-013 14:10:26  -01:30:16  13.750 -0.259 -1.119 -0.130 -0.144 -0.277   3   2  0.00404 0.00635 0.01732 0.00462 0.01732 0.02194
   106_1024 14:40:07  +00:01:31  11.599  0.332  0.085  0.196  0.195  0.390  35  27  0.00507 0.00220 0.00287 0.00186 0.00135 0.00287
    106_700 14:40:51  -00:23:50   9.785  1.362  1.582  0.728  0.641  1.370  53  44  0.00110 0.00096 0.00220 0.00096 0.00096 0.00137
 PG1514+034 15:17:14  +03:10:22  13.997 -0.009 -0.955  0.087  0.126  0.212   6   3  0.00776 0.00816 0.01021 0.00286 0.00653 0.00735
 PG1525-071 15:28:11  -07:16:32  15.053 -0.198 -1.148 -0.088 -0.075 -0.168   1   1  0.00000 0.00000 0.00000 0.00000 0.00000 0.00000
PG1525-071D 15:28:12  -07:16:38  16.301  0.564  0.305  0.411  0.346  0.757   2   1  0.00212 0.15698 0.03253 0.01131 0.01980 0.00849
PG1525-071A 15:28:13  -07:15:59  13.509  0.757  0.257  0.445  0.425  0.869   1   1  0.00000 0.00000 0.00000 0.00000 0.00000 0.00000
PG1525-071B 15:28:14  -07:16:13  16.403  0.730  0.135  0.442  0.366  0.808   1   1  0.00000 0.00000 0.00000 0.00000 0.00000 0.00000
PG1525-071C 15:28:16  -07:14:26  13.530  1.109  1.130  0.590  0.513  1.104   1   1  0.00000 0.00000 0.00000 0.00000 0.00000 0.00000
PG1528+062B 15:30:40  +06:01:06  11.989  0.593  0.005  0.364  0.344  0.711   1   1  0.00000 0.00000 0.00000 0.00000 0.00000 0.00000
PG1528+062A 15:30:49  +06:01:19  15.553  0.830  0.356  0.433  0.389  0.824   1   1  0.00000 0.00000 0.00000 0.00000 0.00000 0.00000
 PG1528+062 15:30:50  +06:00:51  14.767 -0.252 -1.091 -0.111 -0.182 -0.296   1   1  0.00000 0.00000 0.00000 0.00000 0.00000 0.00000
PG1528+062C 15:30:56  +06:00:02  13.477  0.644  0.074  0.357  0.340  0.699   1   1  0.00000 0.00000 0.00000 0.00000 0.00000 0.00000
PG1530+057A 15:33:10  +05:33:40  13.711  0.829  0.414  0.473  0.412  0.886   1   1  0.00000 0.00000 0.00000 0.00000 0.00000 0.00000
 PG1530+057 15:33:11  +05:32:22  14.211  0.151 -0.789  0.162  0.036  0.199   1   1  0.00000 0.00000 0.00000 0.00000 0.00000 0.00000
PG1530+057B 15:33:18  +05:33:43  12.842  0.745  0.325  0.423  0.376  0.799   1   1  0.00000 0.00000 0.00000 0.00000 0.00000 0.00000
    107_970 15:37:25  +00:18:16  10.939  1.596  1.750  1.142  1.435  2.574  57  47  0.00742 0.00172 0.00609 0.00199 0.00331 0.00397
    107_568 15:37:52  -00:17:36  13.054  1.149  0.862  0.625  0.595  1.217  15   7  0.00155 0.00284 0.00387 0.00207 0.00284 0.00284
   107_1006 15:38:33  +00:14:04  11.712  0.766  0.279  0.442  0.421  0.863  59  51  0.00104 0.00104 0.00247 0.00078 0.00091 0.00104
    107_720 15:38:37  -00:02:42  13.121  0.599  0.088  0.374  0.355  0.731   2   1  0.00566 0.00283 0.01061 0.00990 0.00283 0.00778
    107_456 15:38:42  -00:20:05  12.919  0.921  0.589  0.537  0.478  1.015  20  10  0.00201 0.00291 0.00447 0.00201 0.00246 0.00358
    107_457 15:38:46  -00:20:33  14.910  0.792  0.350  0.494  0.469  0.964   2   1  0.00212 0.00354 0.00990 0.00283 0.00636 0.00919
    107_351 15:38:46  -00:32:24  12.342  0.562 -0.005  0.351  0.358  0.708  25  14  0.00200 0.00240 0.00400 0.00160 0.00220 0.00260
    107_592 15:38:50  -00:17:28  11.847  1.318  1.380  0.709  0.647  1.357   9   5  0.00333 0.00467 0.01333 0.00133 0.00233 0.00200
    107_458 15:38:50  -00:24:45  11.676  1.214  1.189  0.667  0.602  1.274   2   1  0.00424 0.00566 0.00495 0.00283 0.00071 0.00354
    107_459 15:38:51  -00:22:49  12.284  0.900  0.427  0.525  0.517  1.045   2   1  0.00141 0.01061 0.00990 0.00283 0.00071 0.00354
    107_212 15:38:56  -00:45:48  13.383  0.683  0.135  0.404  0.411  0.818   2   1  0.00636 0.01061 0.01980 0.00707 0.00849 0.01485
    107_215 15:38:57  -00:43:24  16.046  0.115 -0.082 -0.032 -0.475 -0.511   3   2  0.02656 0.03118 0.00924 0.09353 0.29907 0.39433
    107_213 15:38:57  -00:44:32  14.262  0.802  0.261  0.531  0.509  1.038   1   1  0.00000 0.00000 0.00000 0.00000 0.00000 0.00000
    107_357 15:39:05  -00:39:29  14.418  0.675  0.025  0.416  0.421  0.840   2   1  0.00000 0.00354 0.00566 0.01202 0.02333 0.01131
    107_599 15:39:09  -00:14:46  14.675  0.698  0.243  0.433  0.438  0.869  17   7  0.00825 0.01213 0.00606 0.00534 0.01213 0.01552
    107_359 15:39:09  -00:35:49  12.797  0.580 -0.124  0.379  0.381  0.759   6   3  0.00490 0.00694 0.01184 0.00286 0.00327 0.00531
    107_600 15:39:10  -00:16:07  14.884  0.503  0.049  0.339  0.361  0.700   9   4  0.01700 0.01300 0.02267 0.00967 0.01467 0.02033
    107_601 15:39:13  -00:13:44  14.646  1.412  1.265  0.923  0.835  1.761  33  13  0.00453 0.00731 0.02472 0.00348 0.00313 0.00383
    107_602 15:39:18  -00:15:47  12.116  0.991  0.585  0.545  0.531  1.074  17   9  0.00267 0.00291 0.00703 0.00146 0.00218 0.00315
    107_612 15:39:35  -00:15:24  14.256  0.896  0.296  0.551  0.530  1.081   2   1  0.00566 0.00141 0.00354 0.00354 0.00071 0.00212
    107_611 15:39:36  -00:12:54  14.329  0.890  0.455  0.520  0.447  0.968   4   2  0.00650 0.00850 0.01650 0.00900 0.01050 0.01700
    107_614 15:39:41  -00:13:28  13.926  0.622  0.033  0.361  0.370  0.732   4   2  0.00650 0.01700 0.01500 0.00400 0.01300 0.00900
    107_626 15:40:05  -00:17:46  13.468  1.000  0.728  0.600  0.527  1.126  24  12  0.00449 0.00816 0.01184 0.00245 0.00225 0.00347
    107_627 15:40:07  -00:17:40  13.349  0.779  0.226  0.465  0.454  0.918  24  12  0.00551 0.00469 0.00490 0.00225 0.00265 0.00367
    107_484 15:40:17  -00:21:31  11.311  1.237  1.291  0.664  0.577  1.240  13   7  0.00444 0.00222 0.01109 0.00194 0.00083 0.00222
    107_636 15:40:40  -00:15:12  14.873  0.751  0.121  0.432  0.465  0.896   2   1  0.01344 0.01202 0.01768 0.00849 0.04172 0.03253
    107_639 15:40:44  -00:17:29  14.197  0.640 -0.026  0.399  0.404  0.803  10   6  0.01613 0.00917 0.02024 0.01044 0.00949 0.01265
    107_640 15:40:49  -00:17:06  15.050  0.755  0.092  0.511  0.506  1.017   5   3  0.02504 0.01029 0.03220 0.01834 0.01610 0.02460
    G153_41 16:17:55  -15:35:52  13.422 -0.205 -1.133 -0.135 -0.154 -0.290  23  11  0.00354 0.00313 0.00626 0.00334 0.00563 0.00646
    G138_25 16:25:14  +15:41:15  13.513  1.419  1.265  0.883  0.796  1.685   2   1  0.00071 0.01768 0.03818 0.00283 0.00283 0.00495
   -12_4523 16:30:18  -12:39:08  10.069  1.568  1.192  1.152  1.498  2.649   8   5  0.00318 0.00247 0.00247 0.00071 0.00177 0.00141
 PG1633+099 16:35:24  +09:47:45  14.397 -0.192 -0.974 -0.093 -0.116 -0.212  13   6  0.00250 0.00222 0.00471 0.00333 0.00888 0.01109
PG1633+099A 16:35:26  +09:47:48  15.256  0.873  0.320  0.505  0.511  1.015  15   6  0.00361 0.00516 0.00904 0.00361 0.00930 0.01110
PG1633+099B 16:35:34  +09:46:17  12.969  1.081  1.007  0.590  0.502  1.090  12   6  0.00173 0.00202 0.00693 0.00115 0.00144 0.00202
PG1633+099C 16:35:38  +09:46:11  13.229  1.134  1.138  0.618  0.523  1.138  10   6  0.00253 0.00221 0.00379 0.00158 0.00221 0.00379
PG1633+099D 16:35:40  +09:46:38  13.691  0.535 -0.025  0.324  0.327  0.650   9   5  0.00200 0.00200 0.00500 0.00167 0.00333 0.00333
    108_719 16:36:11  -00:25:53  12.690  1.031  0.648  0.553  0.533  1.087   4   2  0.00450 0.00250 0.00050 0.00450 0.00250 0.00500
   108_1848 16:36:58  +00:05:36  11.738  0.559  0.073  0.331  0.325  0.657   1   1  0.00000 0.00000 0.00000 0.00000 0.00000 0.00000
    108_475 16:37:00  -00:35:01  11.309  1.380  1.462  0.744  0.665  1.409  71  58  0.00142 0.00131 0.00415 0.00083 0.00071 0.00107
   108_1863 16:37:13  +00:02:13  12.244  0.803  0.378  0.446  0.398  0.844   1   1  0.00000 0.00000 0.00000 0.00000 0.00000 0.00000
    108_551 16:37:47  -00:33:27  10.703  0.179  0.178  0.099  0.110  0.208 104  76  0.00108 0.00069 0.00226 0.00059 0.00098 0.00108
   108_1918 16:37:50  -00:00:58  11.384  1.432  1.839  0.773  0.661  1.434   2   1  0.00071 0.00141 0.00000 0.00424 0.00000 0.00424
    108_981 16:39:17  -00:25:28  12.071  0.494  0.237  0.310  0.312  0.622   4   2  0.00250 0.00150 0.00750 0.00200 0.00300 0.00100
 PG1647+056 16:50:18  +05:32:48  14.773 -0.173 -1.064 -0.058 -0.022 -0.082   7   3  0.00869 0.00869 0.00756 0.01021 0.01512 0.01625
   WOLF_629 16:55:27  -08:18:53  11.759  1.677  1.256  1.185  1.525  2.715   6   3  0.00408 0.00286 0.00327 0.00163 0.00122 0.00122
 PG1657+078 16:59:32  +07:43:25  15.015 -0.149 -0.940 -0.063 -0.033 -0.100   9   4  0.00667 0.00533 0.00900 0.00867 0.02700 0.03300
PG1657+078B 16:59:32  +07:42:05  14.721  0.708  0.065  0.417  0.420  0.838   2   1  0.00212 0.00636 0.00707 0.00141 0.00000 0.00141
PG1657+078A 16:59:33  +07:42:19  14.033  1.069  0.730  0.573  0.539  1.113   2   1  0.00071 0.00071 0.00636 0.00636 0.00566 0.01273
PG1657+078C 16:59:35  +07:42:20  15.225  0.840  0.385  0.521  0.444  0.967   2   1  0.00000 0.00424 0.00849 0.00566 0.01273 0.00707
    -4_4226 17:05:15  -05:05:05  10.071  1.415  1.085  0.970  1.141  2.113   6   3  0.00327 0.00122 0.00286 0.00041 0.00082 0.00122
     109_71 17:44:06  -00:25:22  11.493  0.323  0.153  0.186  0.223  0.410  50  42  0.00099 0.00113 0.00198 0.00085 0.00085 0.00113
    109_381 17:44:12  -00:20:55  11.730  0.704  0.225  0.428  0.435  0.861  55  45  0.00108 0.00148 0.00148 0.00094 0.00081 0.00108
    109_949 17:44:13  -00:02:51  12.828  0.806  0.363  0.500  0.517  1.020   2   1  0.00636 0.00071 0.00990 0.00778 0.00354 0.01131
    109_954 17:44:15  -00:02:39  12.436  1.296  0.956  0.764  0.731  1.496   9   5  0.00933 0.00600 0.02033 0.00167 0.00267 0.00333
    109_956 17:44:17  -00:02:54  14.639  1.283  0.858  0.779  0.743  1.525   2   1  0.01131 0.01980 0.00354 0.01838 0.01556 0.03465
    109_199 17:45:03  -00:29:51  10.990  1.739  1.967  1.006  0.900  1.904   3   2  0.00981 0.00404 0.00346 0.00346 0.00404 0.00462
    109_231 17:45:20  -00:26:13   9.332  1.462  1.593  0.785  0.704  1.492  76  52  0.00115 0.00138 0.00275 0.00057 0.00069 0.00092
    109_537 17:45:42  -00:21:57  10.353  0.609  0.227  0.376  0.392  0.768  66  47  0.00271 0.00123 0.00197 0.00086 0.00098 0.00148
     G21_15 18:27:13  +04:03:05  13.889  0.092 -0.598 -0.039 -0.030 -0.069  19   9  0.00459 0.00528 0.00665 0.00459 0.00941 0.00941
    110_229 18:40:46  +00:01:28  13.649  1.910  1.391  1.198  1.155  2.356  30  16  0.00310 0.00913 0.02246 0.00183 0.00201 0.00256
    110_230 18:40:52  +00:02:01  14.281  1.084  0.728  0.624  0.596  1.218  21  11  0.00306 0.00502 0.01157 0.00196 0.00436 0.00502
    110_232 18:40:53  +00:01:35  12.516  0.729  0.147  0.439  0.450  0.889  28  16  0.00321 0.00283 0.00454 0.00151 0.00189 0.00246
    110_233 18:40:53  +00:00:28  12.771  1.281  0.812  0.773  0.818  1.593  22  10  0.00277 0.00341 0.00704 0.00213 0.00149 0.00213
    110_239 18:41:20  -00:00:08  13.858  0.899  0.584  0.541  0.517  1.060   1   1  0.00000 0.00000 0.00000 0.00000 0.00000 0.00000
    110_339 18:41:27  +00:08:04  13.607  0.988  0.776  0.563  0.468  1.036   1   1  0.00000 0.00000 0.00000 0.00000 0.00000 0.00000
    110_340 18:41:29  +00:15:00  10.025  0.303  0.127  0.170  0.182  0.353  64  51  0.00137 0.00100 0.00225 0.00062 0.00088 0.00100
    110_477 18:41:44  +00:26:19  13.988  1.345  0.715  0.850  0.857  1.707  21  11  0.00720 0.01309 0.03753 0.00306 0.00393 0.00633
    110_246 18:41:51  +00:04:58  12.706  0.586 -0.129  0.381  0.410  0.790   1   1  0.00000 0.00000 0.00000 0.00000 0.00000 0.00000
    110_346 18:41:55  +00:09:37  14.757  0.999  0.752  0.697  0.646  1.345   1   1  0.00000 0.00000 0.00000 0.00000 0.00000 0.00000
    110_349 18:42:13  +00:09:52  15.095  1.088  0.668  0.503 -0.059  0.477   1   1  0.00000 0.00000 0.00000 0.00000 0.00000 0.00000
    110_355 18:42:19  +00:08:02  11.944  1.023  0.504  0.652  0.727  1.378  16   8  0.00275 0.00300 0.00450 0.00225 0.00225 0.00350
    110_358 18:42:36  +00:14:39  14.430  1.039  0.418  0.603  0.543  1.150   1   1  0.00000 0.00000 0.00000 0.00000 0.00000 0.00000
    110_360 18:42:40  +00:08:48  14.618  1.197  0.539  0.715  0.717  1.432   5   2  0.00939 0.01923 0.02907 0.00850 0.00313 0.00805
    110_361 18:42:45  +00:07:42  12.425  0.632  0.035  0.361  0.348  0.709  30  17  0.00219 0.00219 0.00292 0.00183 0.00201 0.00292
    110_362 18:42:48  +00:06:04  15.693  1.333  3.919  0.918  0.885  1.803   1   1  0.00000 0.00000 0.00000 0.00000 0.00000 0.00000
     110_L1 18:42:50  +00:06:48  16.252  1.752  2.953  1.066  0.992  2.058   1   1  0.00000 0.00000 0.00000 0.00000 0.00000 0.00000
    110_266 18:42:50  +00:04:44  12.018  0.889  0.411  0.538  0.577  1.111   8   3  0.00141 0.00283 0.00389 0.00141 0.00212 0.00318
    110_364 18:42:52  +00:07:32  13.615  1.133  1.095  0.697  0.585  1.281  15   7  0.00207 0.00671 0.00878 0.00155 0.00258 0.00207
    110_365 18:42:57  +00:06:58  13.470  2.261  1.895  1.360  1.270  2.631  45  20  0.00268 0.00909 0.03130 0.00209 0.00224 0.00343
    110_157 18:42:57  -00:09:18  13.491  2.123  1.679  1.257  1.139  2.395   7   3  0.00567 0.02570 0.17500 0.00340 0.00491 0.00567
    110_496 18:43:00  +00:30:46  13.004  1.040  0.737  0.607  0.681  1.287   9   4  0.00267 0.00600 0.02300 0.00200 0.00233 0.00433
    110_273 18:43:00  +00:02:01  14.686  2.527  1.000  1.509  1.345  2.856   5   2  0.01610 0.07826 1.34164 0.00402 0.01029 0.01073
    110_497 18:43:03  +00:30:34  14.196  1.052  0.380  0.606  0.597  1.203   5   2  0.00537 0.00626 0.01431 0.00671 0.00447 0.00626
    110_280 18:43:07  -00:04:02  12.996  2.151  2.133  1.235  1.148  2.384  25  12  0.00340 0.01440 0.09060 0.00180 0.00300 0.00360
    110_499 18:43:08  +00:27:38  11.737  0.987  0.639  0.600  0.674  1.273  23  13  0.00313 0.00292 0.00709 0.00188 0.00167 0.00292
    110_502 18:43:11  +00:27:18  12.330  2.326  2.326  1.373  1.250  2.625  38  19  0.00308 0.00470 0.02255 0.00195 0.00243 0.00406
    110_504 18:43:12  +00:29:43  14.022  1.248  1.323  0.797  0.683  1.482   5   2  0.00134 0.00626 0.02683 0.00358 0.00626 0.00805
    110_503 18:43:12  +00:29:21  11.773  0.671  0.506  0.373  0.436  0.808  26  14  0.00314 0.00196 0.00510 0.00177 0.00157 0.00216
    110_506 18:43:20  +00:30:05  11.312  0.568  0.059  0.335  0.312  0.652   2   1  0.00212 0.00212 0.00636 0.00071 0.00424 0.00424
    110_507 18:43:20  +00:29:04  12.440  1.141  0.830  0.633  0.579  1.206   2   1  0.00495 0.00566 0.00566 0.00424 0.00000 0.00495
    110_290 18:43:22  -00:01:37  11.898  0.708  0.196  0.418  0.418  0.836   3   2  0.00289 0.00058 0.00462 0.00231 0.00289 0.00346
    110_441 18:43:34  +00:19:18  11.121  0.555  0.112  0.324  0.336  0.660  43  36  0.00152 0.00152 0.00229 0.00122 0.00091 0.00198
    110_311 18:43:48  -00:00:44  15.505  1.796  1.179  1.010  0.864  1.874   4   2  0.01800 0.03600 0.12550 0.03400 0.08300 0.11300
    110_312 18:43:50  -00:00:15  16.093  1.319 -0.788  1.137  1.154  2.293   1   1  0.00000 0.00000 0.00000 0.00000 0.00000 0.00000
    110_450 18:43:52  +00:22:36  11.585  0.944  0.691  0.552  0.625  1.177  49  42  0.00200 0.00171 0.00329 0.00114 0.00100 0.00157
    110_316 18:43:53  +00:00:43  14.821  1.731  4.355  0.858  0.910  1.769   1   1  0.00000 0.00000 0.00000 0.00000 0.00000 0.00000
    110_315 18:43:53  +00:00:27  13.637  2.069  2.256  1.206  1.133  2.338   8   4  0.00672 0.03606 0.46386 0.00318 0.00566 0.00672
    110_319 18:43:56  +00:01:39  11.861  1.309  1.076  0.742  0.700  1.443   3   2  0.01097 0.00289 0.00346 0.00404 0.00173 0.00577
    111_775 19:37:17  +00:11:44  10.744  1.738  2.029  0.965  0.896  1.862  61  48  0.00154 0.00090 0.00589 0.00077 0.00064 0.00102
    111_773 19:37:17  +00:10:38   8.963  0.206 -0.210  0.119  0.144  0.262  66  47  0.00123 0.00098 0.00172 0.00074 0.00074 0.00086
   111_1925 19:37:29  +00:24:40  12.388  0.395  0.262  0.221  0.253  0.474  26  13  0.00177 0.00137 0.00431 0.00177 0.00137 0.00235
   111_1965 19:37:42  +00:26:30  11.419  1.710  1.865  0.951  0.877  1.830  16   8  0.00175 0.00375 0.00900 0.00100 0.00100 0.00125
   111_1969 19:37:44  +00:25:27  10.382  1.959  2.306  1.177  1.222  2.400  58  47  0.00171 0.00144 0.00538 0.00079 0.00092 0.00131
   111_2039 19:38:05  +00:31:52  12.395  1.369  1.237  0.739  0.689  1.430   8   4  0.00212 0.00283 0.01202 0.00212 0.00212 0.00212
   111_2088 19:38:22  +00:30:40  13.193  1.610  1.678  0.888  0.818  1.708   8   4  0.00141 0.00424 0.01096 0.00177 0.00141 0.00177
   111_2093 19:38:24  +00:31:05  12.538  0.637  0.283  0.370  0.397  0.766   8   4  0.00247 0.00354 0.00707 0.00318 0.00212 0.00389
    112_595 20:41:19  +00:16:11  11.352  1.601  1.993  0.899  0.901  1.801  46  37  0.00221 0.00162 0.00605 0.00088 0.00118 0.00147
    112_704 20:42:03  +00:18:53  11.452  1.536  1.742  0.822  0.746  1.570  19  12  0.00298 0.00229 0.00757 0.00206 0.00184 0.00252
    112_223 20:42:15  +00:08:44  11.424  0.454  0.010  0.273  0.274  0.547  45  37  0.00119 0.00089 0.00209 0.00119 0.00104 0.00164
    112_250 20:42:27  +00:07:25  12.095  0.532 -0.025  0.317  0.323  0.639  18  12  0.00212 0.00189 0.00424 0.00189 0.00189 0.00259
    112_275 20:42:36  +00:07:03   9.905  1.210  1.299  0.647  0.569  1.217  63  48  0.00013 0.00088 0.00252 0.00076 0.00050 0.00088
    112_805 20:42:47  +00:15:51  12.086  0.152  0.150  0.063  0.075  0.138  51  42  0.00098 0.00112 0.00280 0.00112 0.00154 0.00210
    112_822 20:42:56  +00:14:47  11.549  1.031  0.883  0.558  0.502  1.060  36  27  0.00117 0.00150 0.00400 0.00083 0.00100 0.00117
    MARK_A2 20:43:54  -10:45:32  14.540  0.666  0.096  0.379  0.371  0.751  21  10  0.00284 0.00306 0.00458 0.00240 0.00502 0.00589
    MARK_A1 20:43:58  -10:47:11  15.911  0.609 -0.014  0.367  0.373  0.740  25  10  0.00400 0.00900 0.01360 0.00440 0.01280 0.01480
     MARK_A 20:43:59  -10:47:42  13.258 -0.242 -1.162 -0.115 -0.125 -0.241  39  22  0.00192 0.00176 0.00384 0.00176 0.00448 0.00480
    MARK_A3 20:44:02  -10:45:39  14.818  0.938  0.651  0.587  0.510  1.098  22  10  0.00235 0.00341 0.01045 0.00213 0.00298 0.00448
   WOLF_918 21:11:30  -13:08:22  10.868  1.494  1.146  0.981  1.088  2.065   8   4  0.00495 0.00389 0.00530 0.00247 0.00318 0.00283
      G26_7 21:31:16  -09:47:28  12.005  1.669  1.235  1.300  1.695  2.986   6   3  0.00572 0.00367 0.02041 0.00531 0.00490 0.00735
    113_440 21:40:35  +00:41:32  11.796  0.637  0.167  0.363  0.350  0.715   2   1  0.00141 0.00141 0.00424 0.00000 0.00283 0.00212
    113_221 21:40:37  +00:20:47  12.071  1.031  0.874  0.550  0.490  1.041  24  10  0.00163 0.00204 0.00551 0.00184 0.00143 0.00225
     113_L1 21:40:47  +00:28:19  15.530  1.343  1.180  0.867  0.723  1.594   2   1  0.00424 0.05091 0.18668 0.00495 0.00495 0.00071
    113_337 21:40:49  +00:27:42  14.225  0.519 -0.025  0.351  0.331  0.682   5   3  0.01297 0.00581 0.00850 0.00716 0.00626 0.01163
    113_339 21:40:56  +00:27:44  12.250  0.568 -0.034  0.340  0.347  0.687  31  18  0.00198 0.00198 0.00377 0.00144 0.00162 0.00251
    113_342 21:41:00  +00:27:21  10.878  1.015  0.696  0.537  0.513  1.050   7   3  0.00151 0.00151 0.00605 0.00189 0.00227 0.00491
    113_233 21:41:00  +00:21:47  12.398  0.549  0.096  0.338  0.322  0.661   2   1  0.00212 0.00141 0.00071 0.00000 0.00071 0.00071
    113_239 21:41:08  +00:22:19  13.038  0.516  0.051  0.318  0.327  0.647   2   1  0.00566 0.00283 0.00424 0.00141 0.00354 0.00495
    113_241 21:41:10  +00:25:37  14.352  1.344  1.452  0.897  0.797  1.683  22   9  0.00192 0.00316 0.00559 0.00124 0.00313 0.00379
    113_245 21:41:14  +00:21:38  15.665  0.628  0.112  0.396  0.318  0.716   2   1  0.00919 0.00990 0.00212 0.02404 0.01061 0.03536
    113_459 21:41:15  +00:42:50  12.125  0.535 -0.018  0.307  0.313  0.623   4   2  0.00700 0.00550 0.00700 0.00550 0.00600 0.01050
    113_250 21:41:25  +00:20:28  13.160  0.505 -0.003  0.309  0.316  0.626   4   2  0.00250 0.00250 0.01650 0.00350 0.00450 0.00450
    113_466 21:41:28  +00:40:00  10.004  0.454 -0.001  0.281  0.282  0.563  58  41  0.00066 0.00079 0.00158 0.00092 0.00079 0.00118
    113_259 21:41:45  +00:17:24  11.742  1.194  1.221  0.621  0.543  1.166  48  34  0.00101 0.00159 0.00318 0.00101 0.00101 0.00130
    113_260 21:41:49  +00:23:39  12.406  0.514  0.069  0.308  0.298  0.606  23  11  0.00438 0.00209 0.00292 0.00188 0.00146 0.00188
    113_475 21:41:51  +00:39:05  10.306  1.058  0.844  0.570  0.527  1.098  40  30  0.00126 0.00111 0.00269 0.00095 0.00095 0.00111
    113_366 21:41:54  +00:29:08  13.537  1.096  0.896  0.623  0.588  1.211   2   1  0.00071 0.00495 0.00495 0.01131 0.00212 0.00990
    113_263 21:41:54  +00:25:24  15.481  0.280  0.074  0.194  0.207  0.401   4   1  0.01000 0.00800 0.02500 0.00350 0.01200 0.01400
    113_265 21:41:54  +00:17:49  14.934  0.639  0.101  0.411  0.395  0.807   9   4  0.01800 0.01200 0.01633 0.01600 0.01700 0.02633
    113_268 21:41:58  +00:19:40  15.281  0.589 -0.018  0.379  0.407  0.786   6   2  0.00327 0.00939 0.02286 0.00776 0.02082 0.02286
     113_34 21:41:59  +00:00:54  15.173  0.484 -0.054  0.306  0.346  0.652   2   1  0.00141 0.00354 0.02051 0.01061 0.01273 0.00212
    113_372 21:42:02  +00:28:23  13.681  0.670  0.080  0.395  0.370  0.766   2   1  0.00424 0.00283 0.01414 0.00424 0.00990 0.00636
    113_149 21:42:06  +00:09:14  13.469  0.621  0.043  0.379  0.386  0.765   2   1  0.00778 0.01485 0.00990 0.00495 0.00849 0.00424
    113_153 21:42:10  +00:14:53  14.476  0.745  0.285  0.462  0.441  0.902   3   2  0.10508 0.03811 0.05023 0.01212 0.01386 0.00635
    113_272 21:42:21  +00:20:44  13.904  0.633  0.067  0.370  0.340  0.710   2   1  0.00141 0.00071 0.02546 0.00071 0.01344 0.01202
    113_158 21:42:22  +00:13:56  13.116  0.723  0.247  0.407  0.374  0.782   3   2  0.00346 0.00231 0.00404 0.00289 0.00462 0.00289
    113_156 21:42:22  +00:11:58  11.224  0.526 -0.057  0.303  0.314  0.618   2   1  0.00354 0.00354 0.00566 0.00424 0.00071 0.00283
    113_491 21:42:25  +00:43:40  14.373  0.764  0.306  0.434  0.420  0.854   4   2  0.00250 0.00200 0.01850 0.00850 0.00950 0.01750
    113_492 21:42:28  +00:38:08  12.174  0.553  0.005  0.342  0.341  0.684   9   5  0.00333 0.00633 0.00633 0.00267 0.00333 0.00533
    113_493 21:42:29  +00:37:57  11.767  0.786  0.392  0.430  0.393  0.824   8   4  0.00389 0.00354 0.00636 0.00283 0.00177 0.00389
    113_495 21:42:30  +00:37:54  12.437  0.947  0.530  0.512  0.497  1.010   6   3  0.00245 0.00286 0.00531 0.00327 0.00367 0.00572
    113_163 21:42:36  +00:16:33  14.540  0.658  0.106  0.380  0.355  0.735  15   7  0.00413 0.00491 0.00930 0.00542 0.00826 0.01084
    113_281 21:42:39  +00:18:41  15.247  0.529 -0.026  0.347  0.359  0.706   2   1  0.00778 0.00141 0.03111 0.00212 0.03677 0.03889
    113_165 21:42:39  +00:15:20  15.639  0.601  0.003  0.354  0.392  0.746   2   1  0.00071 0.00566 0.02970 0.02121 0.04313 0.06435
    113_167 21:42:42  +00:15:55  14.841  0.597 -0.034  0.351  0.376  0.728   2   1  0.00071 0.00990 0.02404 0.00707 0.01414 0.02192
    113_177 21:42:57  +00:14:33  13.560  0.789  0.318  0.456  0.436  0.890  27  13  0.00520 0.00404 0.00597 0.00443 0.00366 0.00558
    113_182 21:43:09  +00:14:38  14.370  0.659  0.065  0.402  0.422  0.824  13   6  0.01442 0.00888 0.00888 0.00388 0.00860 0.00888
    113_187 21:43:21  +00:16:39  15.080  1.063  0.969  0.638  0.535  1.174   7   4  0.00605 0.01625 0.02986 0.00680 0.00416 0.00718
    113_189 21:43:28  +00:17:09  15.421  1.118  0.958  0.713  0.605  1.319   8   4  0.01379 0.01273 0.07142 0.01131 0.00742 0.01556
    113_307 21:43:31  +00:17:49  14.214  1.128  0.911  0.630  0.614  1.245   2   1  0.00495 0.02687 0.00354 0.00141 0.02192 0.01980
    113_191 21:43:34  +00:15:43  12.337  0.799  0.223  0.471  0.466  0.937   7   4  0.00416 0.00227 0.00454 0.00227 0.00227 0.00340
    113_195 21:43:41  +00:17:09  13.692  0.730  0.201  0.418  0.413  0.832  10   5  0.00506 0.00569 0.01012 0.00316 0.00379 0.00316
     G93_48 21:52:25  +02:23:20  12.739 -0.008 -0.792 -0.097 -0.094 -0.191  56  40  0.00134 0.00120 0.00241 0.00120 0.00241 0.00267
PG2213-006C 22:16:18  -00:22:18  15.109  0.721  0.177  0.426  0.404  0.830   7   4  0.00454 0.00567 0.00680 0.00227 0.00680 0.00643
PG2213-006B 22:16:22  -00:21:51  12.706  0.749  0.297  0.427  0.402  0.829   7   4  0.00113 0.00227 0.00265 0.00076 0.00151 0.00151
PG2213-006A 22:16:24  -00:21:29  14.178  0.673  0.100  0.406  0.403  0.808   9   5  0.00500 0.00333 0.00567 0.00300 0.00500 0.00600
 PG2213-006 22:16:28  -00:21:17  14.124 -0.217 -1.125 -0.092 -0.110 -0.203  10   5  0.00221 0.00285 0.00632 0.00443 0.00854 0.00917
    G156_31 22:38:28  -15:19:17  12.361  1.993  1.408  1.648  2.042  3.684  20   8  0.00268 0.00492 0.01297 0.00268 0.00268 0.00291
    114_531 22:40:37  +00:51:49  12.094  0.733  0.186  0.422  0.403  0.825  42  32  0.00108 0.00154 0.00278 0.00093 0.00123 0.00154
    114_637 22:40:43  +01:03:02  12.070  0.801  0.307  0.456  0.415  0.872  15   8  0.00439 0.00181 0.00800 0.00258 0.00232 0.00284
    114_446 22:41:04  +00:45:56  12.064  0.737  0.237  0.397  0.369  0.769   2   1  0.00354 0.00354 0.00636 0.00354 0.00283 0.00071
    114_654 22:41:26  +01:10:03  11.833  0.656  0.178  0.368  0.341  0.711   6   3  0.00082 0.00367 0.00572 0.00163 0.00327 0.00367
    114_656 22:41:35  +01:11:01  12.644  0.965  0.698  0.547  0.506  1.051   5   1  0.00358 0.00671 0.02191 0.00402 0.00179 0.00492
    114_548 22:41:37  +00:58:59  11.601  1.362  1.573  0.738  0.651  1.387  52  42  0.00139 0.00166 0.00582 0.00097 0.00097 0.00139
    114_750 22:41:45  +01:12:30  11.916 -0.041 -0.354  0.027 -0.015  0.011  57  46  0.00146 0.00132 0.00238 0.00132 0.00212 0.00252
    114_670 22:42:10  +01:10:09  11.101  1.206  1.223  0.645  0.561  1.208  16  10  0.00275 0.00150 0.01175 0.00200 0.00225 0.00200
    114_176 22:43:11  +00:21:09   9.239  1.485  1.853  0.800  0.717  1.521  60  43  0.00103 0.00129 0.00323 0.00065 0.00077 0.00090
     GD_246 23:12:35  +10:50:27  13.094 -0.318 -1.187 -0.148 -0.183 -0.332  73  57  0.00176 0.00152 0.00222 0.00117 0.00281 0.00316
      F_108 23:16:12  -01:50:35  12.958 -0.235 -1.052 -0.103 -0.135 -0.239  76  58  0.00138 0.00161 0.00206 0.00138 0.00287 0.00298
    G156_57 22:53:16  -14:15:38  10.180  1.556  1.182  1.174  1.542  2.713  14   7  0.00267 0.00187 0.00722 0.00107 0.00267 0.00267
 PG2317+046 23:19:55  +04:52:34  12.876 -0.246 -1.137 -0.074 -0.035 -0.118  10   4  0.00854 0.00411 0.00791 0.00316 0.00285 0.00791
 PG2331+055 23:33:44  +05:46:35  15.182 -0.066 -0.487 -0.012 -0.031 -0.044   2   1  0.00566 0.00707 0.00354 0.00778 0.00566 0.01273
PG2331+055A 23:33:49  +05:46:48  13.051  0.741  0.257  0.419  0.401  0.821   2   1  0.00212 0.00141 0.00141 0.00141 0.00141 0.00141
PG2331+055B 23:33:51  +05:45:06  14.744  0.819  0.429  0.481  0.454  0.935   2   1  0.00354 0.00071 0.00141 0.00354 0.00636 0.00212
PG2336+004B 23:38:38  +00:42:42  12.431  0.507 -0.035  0.314  0.316  0.625   2   1  0.00071 0.00212 0.00212 0.00000 0.00141 0.00141
PG2336+004A 23:38:42  +00:42:24  11.277  0.679  0.135  0.398  0.372  0.767   2   1  0.00071 0.00141 0.00000 0.00000 0.00141 0.00141
 PG2336+004 23:38:43  +00:42:55  15.899 -0.172 -0.781 -0.061 -0.048 -0.110   2   1  0.01131 0.00990 0.00071 0.00919 0.01273 0.02263
    115_554 23:41:31  +01:26:24  11.812  1.005  0.548  0.586  0.538  1.127   2   1  0.00424 0.00283 0.00283 0.00566 0.00212 0.00283
    115_486 23:41:33  +01:16:43  12.482  0.493 -0.049  0.298  0.308  0.607  16   9  0.00250 0.00350 0.00475 0.00200 0.00200 0.00200
    115_412 23:42:01  +01:08:58  12.209  0.573 -0.040  0.327  0.335  0.665   2   1  0.00212 0.00495 0.00354 0.00071 0.00212 0.00212
    115_268 23:42:30  +00:52:09  12.494  0.634  0.077  0.366  0.348  0.714   1   1  0.00000 0.00000 0.00000 0.00000 0.00000 0.00000
    115_420 23:42:36  +01:05:56  11.161  0.468 -0.027  0.286  0.293  0.580  51  42  0.00126 0.00112 0.00196 0.00126 0.00098 0.00154
    115_271 23:42:41  +00:45:08   9.695  0.615  0.101  0.353  0.349  0.701  77  55  0.00103 0.00103 0.00137 0.00091 0.00080 0.00114
    115_516 23:44:15  +01:14:11  10.434  1.028  0.759  0.563  0.534  1.098  60  49  0.00116 0.00103 0.00194 0.00090 0.00077 0.00103
 PG2349+002 23:51:53  +00:28:17  13.277 -0.191 -0.921 -0.103 -0.116 -0.219  11   5  0.00633 0.01055 0.00784 0.00573 0.00784 0.00603
