3185.8696
3189.1560
3205.2471
3206.0176
3211.2363
3212.1218
3212.9497
3214.5024
3221.2810
3228.7346
3229.9419
3235.9297
3236.7739
3239.8691
3242.0432
3243.3147
3244.6245
3245.3848
3246.6965
3250.7378
3252.8542
3254.8047
3257.2126
3258.3059
3259.0615
3263.6094
3272.9700
3274.8594
3276.0117
3277.1155
3281.3164
3282.6472
3283.5625
3286.6992
3287.5300
3288.7366
3292.6875
3293.4692
3294.6475
3298.9998
3300.6191
3305.1895
3306.2554
3308.1804
3310.3181
3314.6321
3315.7808
3322.4065
3323.0493
3328.1501
3330.6863
3331.4351
3334.0876
3335.5632
3337.1211
3338.8301
3341.6858
3347.5181
3349.7307
3355.1438
3359.5674
3361.9639
3365.6521
3366.3052
3367.4844
3372.7654
3373.7920
3374.4612
3375.9441
3377.4055
3379.5437
3381.8306
3384.0781
3386.5037
3387.4727
3389.5037
3393.0085
3397.7029
3398.4915
3399.5200
3402.6870
3403.6716
3406.5356
3409.7280
3411.0542
3413.9919
3416.8643
3418.4780
3422.1912
3423.6377
3424.9719
3428.0747
3429.9824
3432.7942
3434.9834
3435.7117
3436.9622
3437.7126
3438.2925
3440.3843
3443.5657
3447.5352
3452.6912
3453.6709
3455.0847
3458.0593
3463.8425
3465.1196
3466.0552
3466.7573
3469.2129
3470.3389
3470.9146
3472.2124
3472.9534
3477.7429
3479.2283
3480.1689
3481.5017
3483.7581
3487.5493
3490.5063
3492.5352
3494.5181
3496.7000
3497.8113
3499.0105
3499.6221
3502.8687
3506.4976
3510.7822
3512.1616
3515.3928
3519.4102
3521.0002
3522.9211
3524.5134
3527.6423
3529.4202
3529.9631
3530.3950
3531.5242
3532.4600
3534.1926
3536.3303
3537.0215
3540.5986
3543.5100
3545.0305
3548.3513
3549.5283
3550.6101
3552.4167
3555.3210
3556.0288
3557.9199
3560.5247
3562.0476
3562.7983
3566.0481
3570.8396
3573.4124
3577.6367
3582.6309
3583.3770
3584.1248
3585.1985
3589.4648
3592.4773
3593.8047
3599.1462
3602.0618
3605.7102
3607.5505
3609.4063
3610.4749
3613.4580
3613.8972
3616.1636
3616.8813
3619.3950
3620.2439
3623.8284
3633.8657
3635.6182
3636.9797
3643.2871
3644.5508
3650.2893
3650.7747
3653.2087
3655.5032
3657.7356
3659.8511
3660.6721
3661.4800
3662.6646
3664.2456
3668.0256
3669.1846
3672.5854
3673.3462
3676.6143
3683.5347
3689.8105
3691.6743
3693.6177
3696.3408
3699.1584
3702.0405
3704.2837
3707.8218
3719.2642
3720.4927
3722.2734
3722.8840
3726.4529
3727.7847
3728.9629
3730.3694
3734.0466
3734.7339
3738.9517
3742.2468
3743.9875
3747.0356
3748.6045
3750.1497
3751.5598
3752.0879
3753.6365
3755.0977
3755.6602
3756.2793
3757.3618
3758.7620
3759.5352
3764.5750
3766.3401
3767.1890
3768.9709
3771.1270
3772.4421
3773.7217
3774.8293
3777.3438
3778.4897
3784.3711
3785.6501
3786.6750
3790.2439
3791.8713
3796.4575
3799.1816
3804.1548
3808.9548
3810.5374
3814.1504
3819.7700
3821.8770
3822.5156
3823.2334
3824.1523
3826.2183
3827.8928
3829.4707
3831.8606
3832.7271
3834.1733
3835.7666
3837.6738
3838.9641
3840.7847
3841.8899
3843.9866
3846.4961
3847.9788
3851.6733
3853.2278
3855.6038
3860.9343
3864.5012
3868.0054
3869.6250
3870.7603
3873.8201
3874.9207
3875.9602
3876.4717
3879.7617
3880.7439
3888.0173
3893.0820
3894.7551
3896.5229
3899.5422
3902.7673
3904.2078
3905.1885
3906.2927
3913.0171
3917.5269
3918.3789
3920.1335
3924.9104
3926.2048
3926.8303
3929.7356
3930.7817
3932.3696
3934.0249
3934.7749
3935.3879
3937.4678
3938.1553
3939.7295
3943.1892
3945.3696
3947.2622
3948.4480
3949.1477
3950.0967
3951.5129
3952.6333
3953.8794
3956.2893
3957.0100
3957.8108
3960.4207
3963.5410
3965.1521
3968.5144
3969.5898
3970.1255
3970.7871
3973.2783
3973.7632
3974.3201
3975.6008
3977.5396
3980.4817
3981.2156
3986.0066
3988.3335
3991.6206
3992.8596
3994.4280
3995.6787
3997.1917
4002.1895
4003.0251
4006.2253
4008.1519
4009.3430
4010.1443
4013.6292
4014.9912
4015.8511
4019.2349
4020.2649
4021.4902
4023.2041
4024.4751
4025.9402
4026.7935
4028.1472
4030.9646
4031.4316
4031.9812
4037.1882
4042.3455
4044.0361
4044.5371
4045.5605
4051.0889
4052.0317
4054.0659
4054.6724
4060.3992
4064.5544
4065.4792
4066.7668
4068.5994
4070.4324
4071.3877
4073.1465
4075.0066
4076.6538
4077.7798
4080.7253
4081.8577
4082.5200
4083.5396
4084.6216
4086.1951
4086.5874
4087.6741
4088.4387
4089.8806
4090.2922
4094.8269
4095.9031
4097.2319
4098.9043
4101.4990
4103.7754
4105.0703
4109.0205
4109.5791
4110.4829
4111.9863
4113.9150
4116.9199
4117.8755
4119.6514
4128.5762
4130.6763
4132.1670
4132.8892
4133.9189
4135.2339
4136.6465
4139.2075
4143.8696
4144.8179
4149.3516
4149.8970
4155.8921
4157.6885
4159.7627
4160.8325
4162.9121
4165.4287
4166.9404
4169.8096
4171.7090
4172.5171
4179.2368
4180.0259
4183.0625
4184.1128
4185.3169
4193.5435
4194.1982
4196.1138
4199.5000
4201.8574
4210.0762
4212.1094
4214.2544
4216.0161
4219.8535
4221.2539
4223.8267
4227.9165
4229.3486
4230.3384
4231.6182
4236.6558
4238.4126
4242.2891
4244.4561
4249.5869
4251.5112
4254.7358
4256.4351
4257.4517
4258.6943
4259.7192
4260.5605
4261.5322
4264.5557
4265.5400
4268.7202
4270.2656
4271.1440
4273.3716
4274.0771
4274.5601
4276.3628
4278.7324
4279.5273
4281.7725
4283.2461
4287.4346
4289.8755
4293.0171
4296.7935
4298.5156
4301.8594
4303.7363
4305.2002
4306.1675
4308.3882
4309.3340
4310.4512
4314.2104
4315.5327
4316.4678
4319.6299
4321.3413
4326.4902
4330.1328
4332.4175
4333.2480
4334.7798
4338.4966
4342.1157
4343.6650
4345.5479
4346.3892
4347.6582
4349.2861
4350.2949
4353.4282
4354.6724
4359.5449
4360.5977
4363.2925
4367.1572
4369.0586
4371.1035
4371.9814
4372.5571
4375.3530
4376.0142
4377.1836
4379.4067
4380.8975
4383.0908
4386.2886
4392.3442
4394.2085
4394.9932
4397.7134
4399.1504
4401.3325
4402.2222
4402.8174
4404.1641
4410.1211
4415.7261
4417.4771
4418.0854
4423.2900
4424.9629
4426.0801
4427.2441
4431.4326
4432.2402
4433.4966
4434.2075
4435.0825
4436.2017
4442.8555
4444.9131
4447.1494
4449.0830
4450.1284
4452.0537
4453.8154
4456.0244
4459.2524
4466.5938
4470.7798
4472.2456
4476.0151
4476.4771
4480.8945
4483.0684
4484.6050
4488.1567
4488.7549
4489.9399
4490.9238
4492.2412
4494.5938
4499.1763
4500.2017
4501.2456
4504.1899
4506.4805
4511.9985
4514.4893
4514.9458
4516.3848
4520.5269
4522.4619
4523.5913
4533.5288
4535.3911
4536.5259
4542.2725
4546.3262
4547.1899
4548.5249
4552.7500
4553.4302
4557.0894
4559.6230
4562.6260
4564.9399
4565.6846
4566.1147
4568.5200
4569.4229
4572.2534
4580.6328
4582.4570
4589.7124
4591.1836
4593.9526
4594.9307
4596.7080
4600.0508
4600.9932
4604.4341
4609.2256
4609.9111
4610.8589
4611.9189
4613.1519
4614.8970
4616.6270
4620.7734
4622.4575
4625.6089
4628.5938
4638.5313
4639.9839
4644.8569
4646.0078
4648.5522
4651.5366
4652.8579
4656.5161
4659.2056
4660.8745
4661.6987
4664.5078
4666.2759
4667.3110
4668.1045
4669.4780
4671.2915
4674.9692
4676.6846
4677.3647
4678.2813
4681.9561
4683.5425
4684.6626
4687.5063
4691.9351
4692.9482
4695.4053
4696.3521
4699.5391
4702.0864
4703.6313
4705.3057
4707.0771
4709.6113
4713.7998
4714.1592
4721.7793
4722.5972
4723.4097
4724.7598
4726.0942
4728.1904
4730.4517
4733.3770
4737.2305
4741.0020
4741.8550
4742.2842
4742.6299
4750.5283
4751.2998
4753.7432
4762.4414
4763.8564
4765.6787
4766.1973
4766.9282
4767.9336
4769.3911
4774.5757
4776.6479
4777.1289
4778.5269
4779.6299
4782.0869
4784.0981
4787.8687
4788.4863
4790.7256
4794.5845
4797.2539
4801.5142
4807.3638
4809.4780
4810.9585
4813.7202
4814.3516
4818.3667
4819.9941
4820.5396
4822.2319
4822.9351
4824.2026
4824.9536
4825.3447
4828.0488
4831.1470
4832.4712
4832.9478
4834.1533
4842.2017
4845.2949
4846.5166
4849.1641
4849.7173
4850.4951
4851.2168
4851.7954
4854.2241
4859.6895
4862.5747
4863.0752
4864.5308
4866.8364
4870.2412
4872.6494
4874.2778
4875.7256
4879.3716
4880.0957
4881.2261
4882.5679
4890.4077
4890.8560
4891.8237
4894.1260
4894.8120
4896.3218
4903.4233
4906.1206
4908.5796
4911.5288
4912.1641
4912.7500
4913.9009
4916.7881
4921.1895
4922.9873
4924.3188
4926.8003
4929.1563
4930.4619
4931.3613
4934.5864
4935.2295
4938.1528
4939.2075
4941.0205
4944.4434
4946.8384
4948.0439
4948.9561
4952.0078
4954.0732
4959.4824
4963.1108
4966.4653
4967.1172
4970.1421
4977.3374
4981.5757
4983.8770
4986.7632
4988.5381
4990.7002
4993.5181
4995.1421
5003.4927
5004.9941
5010.7319
5017.2886
5021.2065
5023.4058
5025.1099
5030.0581
5031.2939
5036.7412
5039.7065
5040.6357
5042.5283
5043.0054
5046.1265
5046.6548
5048.4507
5050.3442
5051.2041
5052.1924
5053.2974
5056.7568
5059.3970
5061.2720
5063.4487
5064.3442
5064.9272
5066.0142
5066.3574
5067.5483
5068.1899
5069.3867
5070.7520
5076.0610
5082.8623
5091.4697
5091.9644
5096.4839
5097.9053
5099.4639
5102.0425
5102.5518
5111.1572
5112.7031
5116.4707
5118.7188
5123.9268
5127.3784
5129.9185
5132.5015
5134.5352
5136.1768
5137.5518
5138.9043
5142.2056
5143.2153
5144.7002
5145.3496
5146.7417
5147.4893
5149.6455
5150.6416
5153.0469
5155.6792
5160.0410
5162.9775
5163.7227
5164.8970
5168.0947
5170.3623
5175.1123
5176.2397
5176.7661
5177.3530
5177.8452
5178.4023
5179.0645
5183.9702
5185.4331
5187.8574
5188.7817
5192.3174
5195.9038
5197.2603
5200.2476
5203.4575
5205.2969
5206.6021
5209.2515
5211.1753
5212.6816
5214.8008
5218.0493
5220.5635
5229.6797
5232.6157
5235.5640
5240.2715
5241.0103
5241.6553
5249.1157
5254.9067
5259.8242
5261.5684
5262.9365
5267.0171
5268.1763
5271.2593
5271.7329
5275.5869
5278.6143
5278.9683
5282.5381
5288.3584
5291.3691
5293.2886
5295.8701
5296.5615
5297.7524
5299.2173
5299.7563
5301.9980
5302.8794
5308.4629
5308.9419
5311.0869
5311.7441
5313.4800
5314.0068
5314.3823
5316.7070
5318.9741
5319.9067
5322.2505
5324.3799
5326.9136
5327.7593
5328.4575
5331.5630
5338.5000
5341.9834
5345.0674
5346.7983
5347.8647
5349.4585
5350.4932
5350.9487
5352.6147
5353.3247
5356.0908
5357.1260
5360.1963
5361.6406
5362.6470
5364.0664
5366.9629
5372.2031
5374.1968
5376.3164
5376.8477
5377.2642
5377.6255
5378.2764
5380.6064
5388.1084
5394.0718
5395.4712
5396.2603
5400.6753
5401.6465
5404.1069
5404.7012
5408.2583
5409.1567
5412.2729
5418.9917
5420.6348
5425.5156
5427.1865
5427.9160
5430.6143
5432.6216
5436.6338
5437.4038
5438.8994
5439.6489
5442.1143
5444.6318
5448.6675
5449.7861
5450.9932
5453.1665
5453.7339
5456.6680
5460.4849
5463.2534
5464.1309
5465.7241
5468.6895
5472.2793
5479.0742
5480.5977
5482.4136
5485.6704
5490.1543
5494.1699
5494.7305
5495.8574
5497.6646
5500.7837
5502.8101
5503.4727
5505.8306
5507.6421
5508.4492
5509.0684
5510.0889
5511.5239
5516.4048
5520.5220
5523.2871
5526.1172
5528.8306
5529.7627
5530.6328
5531.6123
5532.2339
5537.5088
5539.0942
5540.1475
5540.8003
5541.4492
5542.6855
5543.1206
5544.4297
5547.6611
5548.6743
5549.7168
5554.1655
5557.0742
5557.6924
5558.5889
5559.8862
5561.4355
5565.7466
5569.5444
5572.7383
5574.0122
5574.9009
5577.7529
5579.2329
5580.9072
5581.6265
5582.3042
5587.3979
5588.5776
5590.3022
5595.1660
5596.0137
5596.6167
5600.0337
5601.2095
5603.1582
5606.0718
5608.2896
5612.2383
5613.6260
5614.1753
5616.8784
5621.5361
5626.4746
5631.8594
5637.4434
5641.3110
5648.0181
5649.2744
5650.5591
5652.2725
5656.0879
5657.0591
5659.4956
5660.6978
5664.6138
5666.1934
5666.7520
5667.2007
5668.7007
5675.4106
5676.5610
5678.6284
5680.5811
5686.7695
5688.9272
5693.2407
5697.9717
5699.8740
5702.4990
5704.2329
5707.2197
5708.6865
5710.2627
5717.3101
5718.7568
5721.2090
5721.7695
5726.9771
5729.2993
5731.5718
5737.6211
5741.1118
5742.7632
5743.4219
5750.3359
5750.9829
5751.3813
5754.6221
5762.1489
5765.1274
5769.3774
5769.7808
5773.3608
5775.5474
5779.0024
5781.4375
5791.2505
5794.0361
5797.6753
5798.9268
5800.0859
5802.4380
5805.7505
5807.3115
5809.2920
5814.5845
5817.0342
5824.4082
5827.8877
5832.4438
5833.9878
5835.8809
5840.5684
5842.2593
5845.4268
5847.5391
5854.3027
5855.0972
5855.7432
5859.0728
5861.9341
5865.3433
5868.4380
5870.0010
5871.4775
5872.1797
5872.8101
5874.2305
5884.2544
5887.3330
5888.1626
5890.2163
5891.5854
5893.0840
5896.9155
5897.9976
5901.4795
5904.2378
5905.7954
5907.2075
5912.8677
5913.7241
5916.3096
5918.3672
5920.5840
5927.0454
5930.4556
5931.5771
5938.0308
5939.3086
5946.2939
5950.4473
5957.2114
5971.3911
5975.3198
5976.7202
5987.9253
5988.9604
5990.7041
5992.6670
5995.7891
5998.2905
6000.6597
6002.8652
6006.8281
6008.7358
6011.8252
6017.0879
6022.7031
6024.8921
6026.8184
6032.1147
6033.7979
6036.8638
6039.3691
6040.3530
6044.8965
6046.1064
6048.5718
6050.7261
6052.6577
6054.3989
6055.0571
6057.2705
6061.0508
6063.2148
6067.4595
6070.7012
6074.7847
6078.7876
6079.5552
6080.1040
6080.9053
6087.0596
6088.9473
6089.7153
6099.8086
6100.7715
6103.4141
6107.3252
6109.2241
6114.5293
6116.6162
6117.8589
6122.2510
6123.1021
6123.9092
6126.1758
6127.4355
6129.1123
6140.3457
6153.6958
6155.7720
6157.2852
6158.7920
6163.0581
6163.8750
6166.1851
6171.5293
6173.9858
6174.8042
6180.1411
6182.4150
6184.3320
6189.8374
6190.8574
6193.6187
6195.5703
6199.9375
6202.1479
6205.2090
6207.5771
6208.9375
6210.4048
6217.6582
6221.7324
6223.0405
6226.2495
6228.0923
6234.6992
6236.5806
6242.6802
6252.2144
6259.1543
6260.3379
6263.1499
6267.9067
6269.9336
6273.2788
6275.8521
6277.9004
6278.9741
6280.9028
6287.0161
6288.9941
6292.9312
6294.9829
6298.6138
6300.6450
6302.6592
6304.9937
6305.9858
6309.4019
6312.5552
6314.3682
6317.5215
6318.9297
6323.0483
6323.5684
6326.1470
6328.1162
6329.0278
6333.1646
6334.2632
6337.1577
6339.3730
6341.4209
6344.6128
6347.8755
6350.4922
6357.6675
6360.3789
6361.4326
6364.0107
6370.8999
6371.3354
6373.7051
6378.6934
6381.4370
6386.4819
6389.1611
6390.5796
6391.8955
6395.8174
6402.4658
6404.7827
6408.2173
6413.6714
6415.3872
6418.0811
6426.5884
6430.5508
6439.5400
6440.8506
6445.6406
6448.5522
6452.7383
6459.0664
6462.2603
6473.0010
6484.8740
6489.2734
6490.6763
6492.5308
6494.9917
6495.5723
6501.4414
6503.7886
6505.3081
6508.7847
6510.8491
6514.1631
6523.8452
6533.1465
6539.9185
6547.5269
6553.5151
6555.9707
6560.6870
6566.2573
6571.4468
6577.9385
6579.0317
6582.0474
6585.7241
6590.3594
6593.3052
6595.7603
6601.3052
6606.6777
6607.2412
6619.9951
6621.7744
6633.9155
6640.0542
6640.7456
6641.5742
6645.5327
6646.4990
6648.3755
6656.2051
6660.5156
6662.5151
6664.1079
6668.1992
6670.6577
6675.4219
6676.5396
6679.1255
6680.5503
6681.9253
6685.2124
6686.1382
6689.3667
6694.5737
6696.3447
6697.9888
6699.5615
6713.1050
6715.8237
6721.0547
6729.3159
6734.5078
6735.6079
6740.0405
6744.7461
6753.2905
6754.6978
6755.5244
6758.3179
6760.0688
6768.4790
6771.9751
6780.1831
6789.6094
6790.7139
6793.1089
6800.3628
6812.4287
6825.3916
6826.5605
6829.1333
6830.9204
6836.8110
6841.1821
6856.0010
6863.1626
6865.4292
6870.3462
6873.1855
6876.6504
6881.4805
6884.7100
6888.3076
6888.9878
6890.0742
6891.2036
6894.1514
6911.7554
6913.1328
6918.0366
6939.5776
6944.4531
6945.5259
6947.4063
6953.3950
6954.8848
6956.5742
6962.1699
6967.3521
6983.0088
6991.5835
6994.9663
7002.7349
7004.8140
7020.5024
7023.2192
7028.3989
7032.1899
7038.2231
7047.7397
7055.5645
7060.4355
7062.6006
7066.3994
7070.6851
7074.3442
7077.2842
7086.1221
7088.6587
7091.2939
7102.4722
7109.4380
7111.8208
7116.3599
7126.5249
7127.7847
7132.6899
7133.3247
7134.5767
7144.2998
7152.2549
7155.5596
7158.9141
7160.8120
7161.9199
7164.5313
7169.1782
7170.8711
7175.3496
7178.6992
7193.1147
7202.0298
7204.1758
7208.9668
7209.9932
7214.6772
7220.0435
7221.1411
7222.9712
7227.1011
7231.9307
7231.9312
7232.8550
7244.0879
7246.6929
7248.1250
7257.3535
7258.9858
7260.1772
7267.1748
7286.9102
7298.2764
7300.1543
7307.4170
7313.7300
7317.0811
7318.0205
7326.8252
7328.1670
7330.3042
7331.5107
7337.5981
7343.1738
7352.8389
7355.3188
7363.3750
7374.1489
7378.9097
7387.5352
7395.0166
7404.2910
7414.3789
7420.5938
7424.3569
7427.3394
7430.9863
7432.2993
7437.4155
7438.3447
7446.7993
7449.8994
7457.2607
7463.9292
7473.2212
7483.4146
7485.6865
7486.3877
7490.0356
7512.4766
7520.8525
7525.2065
7527.5801
7530.5625
7533.2173
7538.5117
7539.5044
7551.3931
7557.4058
7567.9351
7568.6133
7569.8257
7575.4292
7591.4038
7600.2969
7609.9175
7620.4414
7622.1748
7627.8042
7629.2744
7632.4106
7649.4844
7654.4268
7655.9355
7656.8066
7660.4326
7662.1318
7662.9990
7668.6782
7672.1689
7678.3325
7680.2397
7685.1338
7687.4229
7693.8877
7695.9194
7705.8057
7706.9375
7712.3911
7716.0615
7731.0786
7733.8667
7744.6943
7763.8491
7774.0850
7778.8125
7780.6323
7784.4575
7791.0771
7800.5034
7819.9180
7824.5400
7836.6138
7838.6157
7843.9487
7849.6987
7864.0732
7864.0742
7866.1855
7868.1338
7870.3599
7874.7979
7877.6294
7879.2432
7888.4531
7893.2461
7895.7910
7902.4937
7918.6201
7927.1719
7939.9165
7943.9102
7956.7798
7974.7886
7976.3521
7981.1675
7983.4209
7990.1699
7993.5635
7995.8789
8002.2451
8026.4600
8027.9341
8032.4087
8034.6401
8039.4287
8048.3296
8055.5234
8064.8477
8077.8726
8087.4429
8091.7100
8095.8501
8124.9575
8131.6411
8140.7124
8142.1411
8145.3765
8151.9424
8154.6230
8159.7861
8161.9707
8165.3652
8168.6929
8172.0322
8189.1616
8193.1367
8196.6475
8204.4014
8209.7344
8216.4053
8219.4854
8233.6699
8237.2021
8254.6621
8255.8838
8257.0117
8261.7813
8277.9023
8290.6924
8294.8066
8297.8301
8299.4580
8313.9160
8323.1426
8332.7393
8337.9980
8343.7695
8358.3584
8358.3652
8361.0225
8368.3730
8369.6924
8371.6406
8381.5293
8387.0273
8388.0322
8389.4102
8390.8408
8419.0391
8420.3115
8423.5391
8447.8076
8448.8330
8458.6699
8466.5625
8467.9971
8474.1543
8480.6885
8492.6396
8503.0156
8512.9629
8518.8945
8542.1396
8544.4346
8546.0703
8546.9434
8557.2949
8558.6768
8560.7979
8562.7871
8570.5635
8575.4756
8579.6318
8594.1982
8595.4697
8606.3799
8608.1396
8618.5879
8622.8281
8623.6904
8631.5117
8633.7275
8640.7354
8641.8145
8647.6826
8651.5254
8664.5156
8667.8652
8680.7920
8690.2334
8703.5107
8706.0928
8707.2510
8709.7510
8711.6260
8712.8066
8716.0479
8722.0234
8724.0547
8726.1143
8726.7725
8734.8223
8736.4219
8742.1816
8750.4336
8751.5732
8760.6484
8762.8555
8764.0928
8769.1533
8774.2695
8775.2148
8777.9834
8785.1279
8786.9756
8794.4727
8801.5049
8807.0078
8812.6738
8818.5947
8820.1650
8832.1172
8843.6104
8844.5020
8852.3457
8855.2227
8857.3389
8871.2676
8877.6689
8891.6348
8895.4277
8901.7402
8908.1035
8913.3027
8930.5439
8944.1162
8951.5801
8958.3057
8960.4453
8964.6074
8970.1025
8972.3301
8987.7480
8989.8760
8993.3623
8997.6592
9000.3467
9010.9375
9012.3564
9015.0010
9019.0654
9020.0664
9034.2988
9040.3750
9042.6045
9047.8369
9050.7344
9065.0518
9066.4482
9068.6006
9074.7686
9077.8857
9093.3145
9097.3262
9114.0313
9134.7793
9143.0645
9161.5479
9168.4102
9173.3389
9181.2979
9190.0869
9197.1621
9202.2090
9206.4873
9211.1084
9218.4492
9230.0439
9268.7500
9272.6943
9278.8193
9292.1113
9294.0811
9297.5244
9302.5645
9310.4502
9312.9990
9320.2861
9338.7139
9338.7246
9343.2686
9356.7871
9363.5566
9385.8477
9391.5068
9393.1621
9401.6680
9411.9297
9434.1865
9457.7959
9463.6230
9469.7920
9473.2793
9477.4775
9489.5283
9498.1025
9499.7949
9502.9053
9508.0000
9510.2607
9538.2715
9550.6494
