# title = "Slit with Gaussian profile"
# type = "rectangular"

0.00 0.00 0.000
0.13 0.00 0.000
0.21 0.00 0.000
0.32 0.00 0.000
0.52 0.00 0.000
0.82 0.00 0.000
1.30 0.00 0.000
2.05 0.00 0.000
3.26 0.00 0.000
5.17 0.00 0.000
0.00 0.13 0.000
0.13 0.13 0.009
0.21 0.13 0.014
0.32 0.13 0.022
0.52 0.13 0.034
0.82 0.13 0.051
1.30 0.13 0.071
2.05 0.13 0.088
3.26 0.13 0.093
5.17 0.13 0.094
0.00 0.21 0.000
0.13 0.21 0.014
0.21 0.21 0.022
0.32 0.21 0.034
0.52 0.21 0.053
0.82 0.21 0.080
1.30 0.21 0.113
2.05 0.21 0.139
3.26 0.21 0.148
5.17 0.21 0.148
0.00 0.32 0.000
0.13 0.32 0.022
0.21 0.32 0.034
0.32 0.32 0.054
0.52 0.32 0.084
0.82 0.32 0.126
1.30 0.32 0.177
2.05 0.32 0.218
3.26 0.32 0.232
5.17 0.32 0.233
0.00 0.52 0.000
0.13 0.52 0.034
0.21 0.52 0.053
0.32 0.52 0.084
0.52 0.52 0.130
0.82 0.52 0.196
1.30 0.52 0.275
2.05 0.52 0.338
3.26 0.52 0.360
5.17 0.52 0.361
0.00 0.82 0.000
0.13 0.82 0.051
0.21 0.82 0.080
0.32 0.82 0.126
0.52 0.82 0.196
0.82 0.82 0.294
1.30 0.82 0.413
2.05 0.82 0.509
3.26 0.82 0.541
5.17 0.82 0.542
0.00 1.30 0.000
0.13 1.30 0.071
0.21 1.30 0.113
0.32 1.30 0.177
0.52 1.30 0.275
0.82 1.30 0.413
1.30 1.30 0.579
2.05 1.30 0.714
3.26 1.30 0.759
5.17 1.30 0.761
0.00 2.05 0.000
0.13 2.05 0.088
0.21 2.05 0.139
0.32 2.05 0.218
0.52 2.05 0.338
0.82 2.05 0.509
1.30 2.05 0.714
2.05 2.05 0.880
3.26 2.05 0.935
5.17 2.05 0.938
0.00 3.26 0.000
0.13 3.26 0.093
0.21 3.26 0.148
0.32 3.26 0.232
0.52 3.26 0.360
0.82 3.26 0.541
1.30 3.26 0.759
2.05 3.26 0.935
3.26 3.26 0.994
5.17 3.26 0.997
0.00 5.17 0.000
0.13 5.17 0.094
0.21 5.17 0.148
0.32 5.17 0.233
0.52 5.17 0.361
0.82 5.17 0.542
1.30 5.17 0.761
2.05 5.17 0.938
3.26 5.17 0.997
5.17 5.17 1.000
