# hr1544
      6020      4.441         16 
      6036      4.442         16 
      6052      4.446         16 
      6068      4.446         16 
      6084      4.447         16 
      6100      4.447         16 
      6116      4.454         16 
      6132      4.459         16 
      6148      4.470         16 
      6164      4.473         16 
      6180      4.469         16 
      6196      4.471         16 
      6212      4.473         16 
      6228      4.482         16 
      6244      4.489         16 
      6260      4.495         16 
      6276      4.511         16 
      6292      4.514         16 
      6308      4.508         16 
      6324      4.500         16 
      6340      4.502         16 
      6356      4.506         16 
      6372      4.505         16 
      6388      4.495         16 
      6404      4.498         16 
      6420      4.503         16 
      6436      4.506         16 
      6452      4.514         16 
      6468      4.519         16 
      6484      4.523         16 
      6500      4.526         16 
      6516      4.538         16 
      6532      4.571         16 
      6548      4.687         16 
      6564      4.812         16 
      6580      4.663         16 
      6596      4.565         16 
      6612      4.540         16 
      6628      4.534         16 
      6644      4.533         16 
      6660      4.533         16 
      6676      4.536         16 
      6692      4.536         16 
      6708      4.537         16 
      6724      4.539         16 
      6740      4.542         16 
      6756      4.544         16 
      6772      4.545         16 
      6788      4.548         16 
      6804      4.551         16 
      6820      4.554         16 
      6836      4.559         16 
      6852      4.581         16 
      6868      4.717         16 
      6884      4.718         16 
      6900      4.674         16 
      6916      4.627         16 
      6932      4.606         16 
      6948      4.602         16 
      6964      4.593         16 
      6980      4.594         16 
      6996      4.606         16 
      7012      4.607         16 
      7028      4.606         16 
      7044      4.605         16 
      7060      4.607         16 
      7076      4.607         16 
      7092      4.610         16 
      7108      4.617         16 
      7124      4.618         16 
      7140      4.621         16 
      7156      4.636         16 
      7172      4.686         16 
      7188      4.725         16 
      7204      4.703         16 
      7220      4.668         16 
      7236      4.699         16 
      7252      4.703         16 
      7268      4.699         16 
      7284      4.695         16 
      7300      4.691         16 
      7316      4.681         16 
      7332      4.663         16 
      7348      4.658         16 
      7364      4.660         16 
      7380      4.657         16 
      7396      4.658         16 
      7412      4.658         16 
      7428      4.659         16 
      7444      4.660         16 
      7460      4.663         16 
      7476      4.665         16 
      7492      4.665         16 
      7508      4.666         16 
      7524      4.669         16 
      7540      4.672         16 
      7556      4.675         16 
      7572      4.686         16 
      7588      4.868         16 
      7604      5.557         16 
      7620      5.328         16 
      7636      5.260         16 
      7652      5.013         16 
      7668      4.818         16 
      7684      4.732         16 
      7700      4.705         16 
      7716      4.696         16 
      7732      4.694         16 
      7748      4.698         16 
      7764      4.713         16 
      7780      4.727         16 
      7796      4.705         16 
      7812      4.705         16 
      7828      4.707         16 
      7844      4.711         16 
      7860      4.715         16 
      7876      4.723         16 
      7892      4.732         16 
      7908      4.731         16 
      7924      4.730         16 
      7940      4.729         16 
      7956      4.735         16 
      7972      4.737         16 
      7988      4.736         16 
      8004      4.741         16 
      8020      4.744         16 
      8036      4.746         16 
      8052      4.746         16 
      8068      4.749         16 
      8084      4.751         16 
      8100      4.758         16 
      8116      4.768         16 
      8132      4.801         16 
      8148      4.835         16 
      8164      4.863         16 
      8180      4.859         16 
      8196      4.841         16 
      8212      4.823         16 
      8228      4.886         16 
      8244      4.837         16 
      8260      4.816         16 
      8276      4.834         16 
      8292      4.837         16 
      8308      4.826         16 
      8324      4.830         16 
      8340      4.819         16 
      8356      4.806         16 
      8372      4.804         16 
      8388      4.804         16 
      8404      4.801         16 
      8420      4.803         16 
      8436      4.814         16 
      8452      4.821         16 
      8468      4.817         16 
      8484      4.802         16 
      8500      4.831         16 
      8516      4.804         16 
      8532      4.807         16 
      8548      4.861         16 
      8564      4.790         16 
      8580      4.785         16 
      8596      4.874         16 
      8612      4.827         16 
      8628      4.748         16 
      8644      4.772         16 
      8660      4.896         16 
      8676      4.886         16 
      8692      4.765         16 
      8708      4.728         16 
      8724      4.756         16 
      8740      4.873         16 
      8756      4.949         16 
      8772      4.807         16 
      8788      4.728         16 
      8804      4.715         16 
      8820      4.723         16 
      8836      4.766         16 
      8852      4.894         16 
      8868      4.990         16 
      8884      4.842         16 
      8900      4.754         16 
      8916      4.737         16 
      8932      4.742         16 
      8948      4.764         16 
      8964      4.816         16 
      8980      4.875         16 
      8996      4.989         16 
      9012      5.127         16 
      9028      5.035         16 
      9044      4.850         16 
      9060      4.842         16 
      9076      4.879         16 
      9092      4.882         16 
      9108      4.855         16 
      9124      4.851         16 
      9140      4.863         16 
      9156      4.867         16 
      9172      4.868         16 
      9188      4.865         16 
      9204      4.895         16 
      9220      5.052         16 
      9236      5.117         16 
      9252      4.971         16 
      9268      4.904         16 
      9284      4.923         16 
      9300      5.009         16 
      9316      5.167         16 
      9332      5.304         16 
      9348      5.361         16 
      9364      5.300         16 
      9380      5.238         16 
      9396      5.048         16 
      9412      5.070         16 
      9428      5.167         16 
      9444      5.209         16 
      9460      5.185         16 
      9476      5.153         16 
      9492      5.168         16 
      9508      5.151         16 
      9524      5.239         16 
      9540      5.348         16 
      9556      5.375         16 
      9572      5.174         16 
      9588      5.128         16 
      9604      5.073         16 
      9620      5.046         16 
      9636      5.029         16 
      9652      5.004         16 
      9668      4.966         16 
      9684      4.906         16 
      9700      4.891         16 
      9716      4.898         16 
      9732      4.921         16 
      9748      4.944         16 
      9764      4.931         16 
      9780      4.914         16 
      9796      4.916         16 
      9812      4.886         16 
      9828      4.886         16 
      9844      4.876         16 
      9860      4.865         16 
      9876      4.859         16 
      9892      4.866         16 
      9908      4.853         16 
      9924      4.859         16 
      9940      4.863         16 
      9956      4.860         16 
      9972      4.874         16 
      9988      4.885         16 
     10004      4.893         16 
     10020      4.947         16 
     10036      5.046         16 
     10052      5.140         16 
     10068      5.021         16 
     10084      4.931         16 
     10100      4.906         16 
     10116      4.910         16 
     10132      4.889         16 
     10148      4.882         16 
     10164      4.884         16 
     10180      4.881         16 
     10196      4.904         16 
     10212      4.898         16 
     10228      4.893         16 
     10244      4.877         16 
     10260      4.880         16 
     10276      4.894         16 
     10292      4.884         16 
     10308      4.866         16 
     10324      4.913         16 
