# hr9087
      6036      5.246         16 
      6052      5.247         16 
      6068      5.244         16 
      6084      5.252         16 
      6100      5.254         16 
      6116      5.257         16 
      6132      5.260         16 
      6148      5.270         16 
      6164      5.275         16 
      6180      5.276         16 
      6196      5.280         16 
      6212      5.288         16 
      6228      5.295         16 
      6244      5.302         16 
      6260      5.305         16 
      6276      5.332         16 
      6292      5.333         16 
      6308      5.327         16 
      6324      5.322         16 
      6340      5.330         16 
      6356      5.328         16 
      6372      5.333         16 
      6388      5.329         16 
      6404      5.332         16 
      6420      5.333         16 
      6436      5.336         16 
      6452      5.344         16 
      6468      5.347         16 
      6484      5.352         16 
      6500      5.352         16 
      6516      5.363         16 
      6532      5.376         16 
      6548      5.461         16 
      6564      5.602         16 
      6580      5.437         16 
      6596      5.378         16 
      6612      5.372         16 
      6628      5.371         16 
      6644      5.375         16 
      6660      5.377         16 
      6676      5.381         16 
      6692      5.380         16 
      6708      5.382         16 
      6724      5.385         16 
      6740      5.387         16 
      6756      5.394         16 
      6772      5.396         16 
      6788      5.398         16 
      6804      5.403         16 
      6820      5.406         16 
      6836      5.412         16 
      6852      5.432         16 
      6868      5.574         16 
      6884      5.572         16 
      6900      5.536         16 
      6916      5.484         16 
      6932      5.462         16 
      6948      5.456         16 
      6964      5.450         16 
      6980      5.450         16 
      6996      5.459         16 
      7012      5.462         16 
      7028      5.465         16 
      7044      5.467         16 
      7060      5.471         16 
      7076      5.470         16 
      7092      5.474         16 
      7108      5.477         16 
      7124      5.482         16 
      7140      5.487         16 
      7156      5.501         16 
      7172      5.543         16 
      7188      5.579         16 
      7204      5.560         16 
      7220      5.531         16 
      7236      5.563         16 
      7252      5.564         16 
      7268      5.563         16 
      7284      5.559         16 
      7300      5.558         16 
      7316      5.549         16 
      7332      5.537         16 
      7348      5.535         16 
      7364      5.537         16 
      7380      5.536         16 
      7396      5.536         16 
      7412      5.539         16 
      7428      5.540         16 
      7444      5.542         16 
      7460      5.547         16 
      7476      5.550         16 
      7492      5.553         16 
      7508      5.555         16 
      7524      5.559         16 
      7540      5.564         16 
      7556      5.566         16 
      7572      5.573         16 
      7588      5.736         16 
      7604      6.478         16 
      7620      6.215         16 
      7636      6.168         16 
      7652      5.913         16 
      7668      5.715         16 
      7684      5.632         16 
      7700      5.604         16 
      7716      5.595         16 
      7732      5.598         16 
      7748      5.599         16 
      7764      5.610         16 
      7780      5.621         16 
      7796      5.610         16 
      7812      5.612         16 
      7828      5.617         16 
      7844      5.620         16 
      7860      5.620         16 
      7876      5.628         16 
      7892      5.636         16 
      7908      5.636         16 
      7924      5.637         16 
      7940      5.637         16 
      7956      5.644         16 
      7972      5.646         16 
      7988      5.646         16 
      8004      5.652         16 
      8020      5.655         16 
      8036      5.658         16 
      8052      5.660         16 
      8068      5.661         16 
      8084      5.664         16 
      8100      5.669         16 
      8116      5.678         16 
      8132      5.704         16 
      8148      5.735         16 
      8164      5.764         16 
      8180      5.758         16 
      8196      5.742         16 
      8212      5.724         16 
      8228      5.784         16 
      8244      5.743         16 
      8260      5.730         16 
      8276      5.748         16 
      8292      5.753         16 
      8308      5.744         16 
      8324      5.745         16 
      8340      5.738         16 
      8356      5.733         16 
      8372      5.731         16 
      8388      5.733         16 
      8404      5.734         16 
      8420      5.730         16 
      8436      5.744         16 
      8452      5.749         16 
      8468      5.749         16 
      8484      5.740         16 
      8500      5.762         16 
      8516      5.746         16 
      8532      5.751         16 
      8548      5.790         16 
      8564      5.740         16 
      8580      5.739         16 
      8596      5.812         16 
      8612      5.774         16 
      8628      5.716         16 
      8644      5.734         16 
      8660      5.835         16 
      8676      5.823         16 
      8692      5.725         16 
      8708      5.702         16 
      8724      5.729         16 
      8740      5.826         16 
      8756      5.894         16 
      8772      5.774         16 
      8788      5.717         16 
      8804      5.712         16 
      8820      5.716         16 
      8836      5.746         16 
      8852      5.862         16 
      8868      5.940         16 
      8884      5.806         16 
      8900      5.746         16 
      8916      5.736         16 
      8932      5.745         16 
      8948      5.766         16 
      8964      5.811         16 
      8980      5.853         16 
      8996      5.945         16 
      9012      6.081         16 
      9028      5.986         16 
      9044      5.829         16 
      9060      5.822         16 
      9076      5.852         16 
      9092      5.850         16 
      9108      5.842         16 
      9124      5.851         16 
      9140      5.866         16 
      9156      5.877         16 
      9172      5.868         16 
      9188      5.862         16 
      9204      5.875         16 
      9220      6.016         16 
      9236      6.081         16 
      9252      5.929         16 
      9268      5.885         16 
      9284      5.925         16 
      9300      6.000         16 
      9316      6.145         16 
      9332      6.263         16 
      9348      6.315         16 
      9364      6.263         16 
      9380      6.206         16 
      9396      6.031         16 
      9412      6.054         16 
      9428      6.155         16 
      9444      6.187         16 
      9460      6.156         16 
      9476      6.133         16 
      9492      6.152         16 
      9508      6.131         16 
      9524      6.196         16 
      9540      6.302         16 
      9556      6.324         16 
      9572      6.137         16 
      9588      6.116         16 
      9604      6.063         16 
      9620      6.045         16 
      9636      6.031         16 
      9652      6.011         16 
      9668      5.980         16 
      9684      5.931         16 
      9700      5.921         16 
      9716      5.939         16 
      9732      5.961         16 
      9748      5.982         16 
      9764      5.972         16 
      9780      5.947         16 
      9796      5.961         16 
      9812      5.935         16 
      9828      5.920         16 
      9844      5.912         16 
      9860      5.902         16 
      9876      5.913         16 
      9892      5.907         16 
      9908      5.902         16 
      9924      5.897         16 
      9940      5.916         16 
      9956      5.926         16 
      9972      5.904         16 
      9988      5.920         16 
     10004      5.947         16 
     10020      5.954         16 
     10036      6.048         16 
     10052      6.159         16 
     10068      6.041         16 
     10084      5.940         16 
     10100      5.924         16 
     10116      5.935         16 
     10132      5.929         16 
     10148      5.900         16 
     10164      5.920         16 
     10180      5.912         16 
     10196      5.922         16 
     10212      5.900         16 
     10228      5.896         16 
     10244      5.942         16 
     10260      5.945         16 
     10276      5.918         16 
