# units Angstroms
6170.64
6176.29
6184.41
6169.53
6174.19
6181.85
6257.97
6265.22
6275.60
6256.94
6262.73
6272.30
6498.72
6504.99
6513.99
6497.52
6502.66
6511.09
6863.94
6870.98
6881.07
6862.68
6868.39
6877.79
6144.48
6139.47
6136.79
6136.56
6138.87
6143.78
6151.37
6161.67
6235.95
6234.30
6235.68
6240.21
6248.02
6259.20
6273.86
6292.08
6470.97
6465.95
6463.52
6463.80
6466.90
6472.89
6481.84
6493.81
6834.42
6829.48
6827.45
6828.46
6832.63
6840.05
6850.80
6864.96
6150.92
6143.37
6138.99
6137.64
6139.22
6143.67
6150.95
6161.06
6241.69
6237.41
6237.00
6240.34
6247.38
6258.07
6272.41
6290.44
6477.91
6470.14
6465.85
6464.90
6467.19
6472.65
6481.26
6493.00
6841.94
6834.00
6829.92
6829.56
6832.82
6839.65
6850.01
6863.92
6202.72
6221.77
6243.64
6268.41
6296.11
6326.79
6360.51
6287.44
6306.93
6329.85
6356.32
6386.44
6420.32
6458.06
6533.04
6553.61
6577.28
6604.13
6634.23
6667.63
6704.40
6900.82
6923.21
6949.03
6978.40
7011.40
7048.11
7088.60
6192.94
6213.06
6236.01
6261.76
6290.30
6321.68
6355.96
6278.09
6297.90
6321.40
6348.54
6379.32
6413.82
6452.10
6522.42
6544.02
6568.78
6596.64
6627.63
6661.77
6699.16
6889.29
6912.62
6939.52
6969.92
7003.85
7041.35
7082.52
7276.41
7284.45
7295.95
7275.14
7281.59
7292.23
7523.99
7530.71
7540.38
7522.66
7528.23
7537.38
7750.65
7760.00
7773.38
7749.42
7756.86
7769.14
7913.71
7921.12
7931.77
7912.25
7918.35
7928.36
7244.92
7240.19
7238.79
7240.86
7246.53
7255.91
7269.09
7286.18
7483.48
7473.68
7466.61
7462.43
7461.24
7463.14
7468.20
7476.47
7716.91
7712.63
7712.23
7715.86
7723.70
7735.86
7752.48
7773.69
7870.73
7860.66
7853.61
7849.73
7849.15
7851.97
7858.27
7868.11
7253.15
7245.12
7241.43
7241.96
7246.60
7255.30
7268.04
7284.83
7493.67
7480.25
7470.71
7464.87
7462.59
7463.77
7468.34
7476.28
7726.04
7718.05
7715.06
7716.93
7723.58
7734.96
7751.06
7771.93
7881.68
7867.73
7857.99
7852.31
7850.53
7852.54
7858.30
7867.78
7316.29
7340.89
7369.38
7401.87
7438.49
7479.33
7524.50
7571.75
7598.44
7628.63
7662.36
7699.71
7740.70
7785.38
7794.12
7821.51
7853.37
7889.87
7931.14
7977.35
8028.61
7964.65
7993.33
8025.81
8062.18
8102.50
8146.84
8195.25
7303.75
7329.17
7358.68
7392.22
7429.80
7471.49
7517.39
7557.49
7586.09
7618.05
7653.32
7691.91
7733.92
7779.43
7780.43
7808.46
7841.27
7878.79
7921.05
7968.15
8020.21
7949.20
7979.76
8014.06
8052.02
8093.68
8139.11
8188.42
8344.59
8352.86
8364.71
8343.03
8349.77
8360.85
8827.07
8836.42
8849.79
8825.45
8832.99
8845.42
9375.97
9386.72
9402.10
9374.36
9382.95
9397.13
9791.12
9799.67
9811.98
9789.41
9796.54
9808.21
8298.89
8288.59
8281.68
8278.30
8278.59
8282.68
8290.64
8302.56
8778.31
8767.89
8761.29
8758.70
8760.25
8766.09
8776.31
8791.04
9323.74
9313.36
9307.39
9306.02
9309.41
9317.73
9331.11
9349.69
9719.83
9699.34
9682.25
9668.77
9659.09
9653.32
9651.55
9653.85
8310.72
8296.24
8286.39
8281.03
8279.99
8283.17
8290.52
8302.02
8791.18
8776.20
8766.39
8761.59
8761.64
8766.16
8776.00
8790.25
9337.90
9322.49
9312.94
9309.09
9310.79
9317.95
9330.54
9348.56
9738.09
9711.71
9690.50
9674.24
9662.66
9655.60
9652.94
9654.62
8399.16
8430.17
8465.35
8504.84
8548.71
8597.05
8649.94
8885.83
8919.61
8958.06
9001.33
9049.52
9102.76
9161.16
9439.66
9476.87
9519.37
9567.36
9620.99
9680.41
9745.77
9872.14
9914.67
9961.93
10013.99
10070.88
10132.65
10199.35
8382.39
8415.23
8452.25
8493.38
8538.67
8588.19
8642.06
8867.58
8903.11
8943.38
8988.35
9038.04
9092.54
9152.00
9419.78
9458.57
9502.85
9552.57
9607.76
9668.53
9735.04
9848.48
9894.74
9945.26
10000.00
10059.03
10122.48
10190.52
10012.82
10025.46
10043.53
10011.34
10021.33
10037.87
10286.64
10296.02
10309.52
10284.77
10292.52
10305.25
10831.32
10841.72
10856.65
10829.28
10837.80
10851.81
11436.78
11448.45
11465.17
11434.62
11444.10
11459.68
9956.59
9946.53
9941.67
9942.23
9948.41
9960.39
9978.37
10002.52
10211.05
10189.71
10172.11
10158.48
10149.01
10143.81
10143.00
10146.65
10750.97
10728.77
10710.74
10697.11
10688.07
10683.76
10684.30
10689.78
11351.11
11328.07
11309.75
11296.35
11288.09
11285.13
11287.60
11295.64
9972.35
9956.66
9947.76
9945.49
9949.73
9960.37
9977.43
10000.95
10230.66
10203.05
10181.04
10164.38
10152.83
10146.22
10144.42
10147.39
10772.10
10743.20
10720.41
10703.47
10692.16
10686.28
10685.73
10690.44
11374.01
11343.77
11320.26
11303.24
11292.45
11287.74
11289.00
11296.16
10082.48
10124.02
10171.72
10225.81
10286.51
10354.03
10428.59
10372.88
10418.36
10468.96
10524.77
10585.86
10652.29
10724.13
10923.43
10972.32
11026.79
11086.98
11152.98
11224.87
11302.77
11535.61
11588.49
11647.54
11712.93
11784.80
11863.27
11948.47
10060.71
10103.60
10152.98
10208.79
10271.10
10340.06
10415.87
10347.29
10396.54
10450.50
10509.13
10572.51
10640.76
10714.06
10895.69
10948.34
11006.27
11069.42
11137.86
11211.73
11291.22
11505.46
11562.08
11624.65
11693.13
11767.60
11848.19
11935.13
