# units Angstroms
3185.8696
3189.1560
3205.2471
3206.0176
3211.2363
3212.1218
3212.9497
3214.5024
3221.2810
3228.7346
3229.9419
3235.9297
3236.7739
3239.8691
3242.0432
3243.3147
3244.6245
3245.3848
3246.6965
3250.7378
3252.8542
3254.8047
3257.2126
3258.3059
3259.0615
3263.6094
3272.9700
3274.8594
3276.0117
3277.1155
3281.3164
3282.6472
3283.5625
3286.6992
3287.5300
3288.7366
3292.6875
3293.4692
3294.6475
3298.9998
3300.6191
3305.1895
3306.2554
3308.1804
3310.3181
3314.6321
3315.7808
3322.4065
3323.0493
3328.1501
3330.6863
3331.4351
3334.0876
3335.5632
3337.1211
3338.8301
3341.6858
3347.5181
3349.7307
3355.1438
3359.5674
3361.9639
3365.6521
3366.3052
3367.4844
3372.7654
3373.7920
3374.4612
3375.9441
3377.4055
3379.5437
3381.8306
3384.0781
3386.5037
3387.4727
3389.5037
3393.0085
3397.7029
3398.4915
3399.5200
3402.6870
3403.6716
3406.5356
3409.7280
3411.0542
3413.9919
3416.8643
3418.4780
3422.1912
3423.6377
3424.9719
3428.0747
3429.9824
3432.7942
3434.9834
3435.7117
3436.9622
3437.7126
3438.2925
3440.3843
3443.5657
3447.5352
3452.6912
3453.6709
3455.0847
3458.0593
3463.8425
3465.1196
3466.0552
3466.7573
3469.2129
3470.3389
3470.9146
3472.2124
3472.9534
3477.7429
3479.2283
3480.1689
3481.5017
3483.7581
3487.5493
3490.5063
3492.5352
3494.5181
3496.7000
3497.8113
3499.0105
3499.6221
3502.8687
3506.4976
3510.7822
3512.1616
3515.3928
3519.4102
3521.0002
3522.9211
3524.5134
3527.6423
3529.4202
3529.9631
3530.3950
3531.5242
3532.4600
3534.1926
3536.3303
3537.0215
3540.5986
3543.5100
3545.0305
3548.3513
3549.5283
3550.6101
3552.4167
3555.3210
3556.0288
3557.9199
3560.5247
3562.0476
3562.7983
3566.0481
3570.8396
3573.4124
3577.6367
3582.6309
3583.3770
3584.1248
3585.1985
3589.4648
3592.4773
3593.8047
3599.1462
3602.0618
3605.7102
3607.5505
3609.4063
3610.4749
3613.4580
3613.8972
3616.1636
3616.8813
3619.3950
3620.2439
3623.8284
3633.8657
3635.6182
3636.9797
3643.2871
3644.5508
3650.2893
3650.7747
3653.2087
3655.5032
3657.7356
3659.8511
3660.6721
3661.4800
3662.6646
3664.2456
3668.0256
3669.1846
3672.5854
3673.3462
3673.5676
3674.8396
3675.9377
3676.1838
3676.6143
3676.8362
3677.0061
3677.1892
3679.3176
3679.5281
3680.1816
3680.5918
3680.7581
3681.1084
3681.4954
3681.6531
3682.9316
3683.5347
3685.9819
3688.7197
3689.0339
3689.8105
3691.6743
3692.4624
3692.6648
3693.6177
3695.2300
3696.3408
3697.0254
3698.0828
3698.7959
3699.1584
3700.9336
3702.0405
3704.2837
3704.8284
3705.9158
3707.8218
3712.3604
3712.6790
3716.6174
3716.9185
3717.6406
3718.2288
3718.8867
3719.2642
3720.4927
3720.8943
3721.3655
3722.2734
3722.8840
3724.7151
3726.4529
3727.7847
3728.6724
3728.9629
3730.3694
3731.4294
3731.8093
3734.0466
3734.7339
3738.5752
3738.9517
3741.9185
3742.2468
3743.9875
3744.5728
3745.8015
3746.7241
3747.0356
3748.6045
3749.3489
3750.1497
3751.5598
3752.0879
3753.6365
3754.3088
3754.5842
3755.0977
3755.6602
3756.2793
3757.3618
3758.7620
3759.5352
3759.7744
3764.5750
3766.3401
3767.1890
3767.5173
3768.9709
3771.1270
3771.5911
3772.4421
3773.7217
3774.8293
3777.3438
3778.4897
3782.3931
3784.0874
3784.3711
3785.6501
3785.8689
3786.3555
3786.6750
3787.4575
3787.9583
3790.2439
3791.4324
3791.8713
3793.4509
3793.8069
3795.2283
3796.4575
3799.1816
3800.4609
3801.2771
3802.5225
3804.1548
3805.0637
3806.9004
3808.9548
3809.2097
3810.5374
3810.9163
3814.1504
3817.2498
3819.7700
3821.8770
3822.5156
3823.2334
3823.9465
3824.1523
3824.5425
3826.2183
3826.7583
3827.4546
3827.8928
3829.4707
3831.1472
3831.8606
3832.7271
3834.1733
3835.7666
3836.7996
3837.6738
3838.9641
3840.7847
3841.8899
3842.6082
3843.0498
3843.9866
3845.8215
3846.4961
3847.9788
3851.6733
3853.2278
3855.6038
3857.4482
3860.9343
3862.4470
3863.1470
3863.5168
3864.5012
3868.0054
3868.6750
3869.3513
3869.6250
3870.7603
3872.7148
3873.2349
3873.8201
3874.2458
3874.5723
3874.9207
3875.3423
3875.9602
3876.4717
3876.7449
3878.5620
3879.7617
3880.3684
3880.5452
3880.7439
3881.2947
3881.4333
3882.5979
3883.2432
3885.6252
3885.9233
3886.3262
3886.8691
3888.0173
3891.0083
3892.5044
3892.8289
3893.0820
3894.7551
3895.7634
3896.5229
3899.5422
3899.9014
3900.1357
3901.6819
3901.9839
3902.7673
3904.2078
3904.5869
3905.1885
3906.2927
3908.2671
3908.6499
3909.8562
3910.0869
3910.2461
3911.8811
3912.6838
3913.0171
3914.7534
3915.2710
3916.4043
3916.9580
3917.5269
3918.3789
3919.1799
3919.6213
3920.1335
3922.8906
3923.3293
3924.9104
3925.5144
3926.2048
3926.8303
3927.1572
3928.9182
3929.7356
3930.4028
3930.7817
3931.4431
3932.3696
3933.3396
3934.0249
3934.3511
3934.7749
3935.3879
3937.4678
3937.7864
3938.1553
3939.0386
3939.7295
3943.1892
3945.3696
3946.6238
3946.9368
3947.2622
3948.4480
3948.6218
3949.1477
3950.0967
3951.5129
3951.9231
3952.6333
3953.8794
3956.2893
3957.0100
3957.8108
3960.4207
3961.3901
3963.5410
3964.5903
3965.1521
3965.8472
3968.0867
3968.5144
3969.5898
3970.1255
3970.7871
3973.2783
3973.7632
3974.3201
3975.6008
3975.8835
3976.5918
3977.5396
3980.1687
3980.4817
3981.2156
3981.8809
3982.2327
3982.9546
3983.2285
3984.0222
3986.0066
3987.2012
3988.3335
3989.7275
3989.9736
3991.6206
3992.8596
3993.1824
3993.4016
3994.4280
3995.6787
3995.9214
3997.1917
3997.7988
3998.9958
3999.5344
3999.8640
4000.0835
4001.4121
4002.1895
4003.0251
4004.2375
4004.4407
4004.7061
4006.2253
4006.4954
4007.0942
4007.5134
4008.1519
4009.3430
4010.1443
4012.7253
4012.8735
4013.6292
4014.9912
4015.6492
4015.8511
4019.2349
4020.2649
4021.4902
4022.2864
4022.8872
4023.2041
4024.4751
4025.9402
4026.7935
4028.1472
4030.9646
4031.4316
4031.9812
4035.3860
4036.0618
4036.6001
4037.1882
4037.7056
4038.7019
4039.3696
4039.9453
4041.0061
4042.0571
4042.3455
4044.0361
4044.2725
4044.5371
4045.5605
4046.0698
4046.3696
4047.1084
4048.6250
4049.4314
4050.6802
4051.0889
4052.0317
4052.6438
4054.0659
4054.6724
4055.4468
4055.6709
4059.0872
4060.3992
4064.5544
4065.4792
4066.7668
4068.5994
4070.3506
4070.4324
4070.6104
4071.3877
4072.9011
4073.1465
4073.5352
4073.7786
4075.0066
4075.7927
4076.6538
4077.0581
4077.7798
4078.0940
4079.4529
4080.0264
4080.7253
4081.5098
4081.8577
4082.5200
4082.7434
4083.2341
4083.5396
4084.6216
4085.7722
4086.1951
4086.4097
4086.5874
4087.6741
4088.4387
4089.8806
4090.2922
4092.5027
4094.5476
4094.8269
4095.9031
4097.2319
4098.9043
4099.8887
4100.0898
4101.4990
4103.7754
4105.0703
4105.5405
4105.9966
4107.0737
4108.2095
4109.0205
4109.5791
4110.4829
4111.9863
4113.9150
4116.9199
4117.8755
4119.6514
4125.2041
4128.5762
4129.2144
4129.8047
4130.6763
4132.1670
4132.8892
4133.9189
4135.2339
4135.4897
4136.6465
4139.2075
4141.4028
4141.5537
4142.8003
4143.6426
4143.8696
4144.8179
4148.7095
4149.3516
4149.8970
4152.3159
4155.8921
4157.6885
4159.7627
4160.8325
4162.9121
4163.6821
4164.8208
4165.1216
4165.3535
4165.4287
4166.9404
4169.2217
4169.8096
4171.7090
4172.5171
4173.8018
4174.6240
4175.6162
4179.2368
4179.5435
4180.0259
4181.1377
4183.0625
4184.1128
4185.3169
4186.3237
4188.3213
4191.8940
4192.2104
4193.5435
4194.1982
4196.1138
4199.5000
4201.8574
4208.7974
4209.5962
4210.0762
4210.3818
4212.1094
4214.2544
4214.5649
4216.0161
4216.8149
4217.2573
4217.5596
4218.6187
4219.8535
4221.2539
4221.9214
4222.3418
4222.8813
4223.8267
4224.6304
4225.4312
4225.8052
4227.4897
4227.9165
4228.1782
4228.5776
4229.3486
4229.6069
4230.3384
4230.6455
4231.0552
4231.6182
4232.0156
4234.4790
4236.6558
4237.2397
4238.4126
4240.9810
4241.7886
4242.2891
4243.1670
4243.9146
4244.2144
4244.4561
4245.1191
4248.7944
4249.1851
4249.5869
4250.6729
4250.8760
4251.5112
4251.9717
4252.3813
4254.7358
4255.0645
4256.4351
4257.4517
4258.6943
4259.0967
4259.7192
4260.5605
4261.5322
4262.1836
4262.4746
4262.6914
4263.1660
4263.8120
4264.5557
4265.3066
4265.5400
4267.4873
4267.7280
4268.7202
4270.2656
4271.1440
4273.3716
4274.0771
4274.5601
4275.2275
4276.3628
4278.0107
4278.5181
4278.7324
4279.5273
4280.2671
4281.7725
4282.2725
4282.6191
4283.2461
4284.1025
4284.7236
4286.1807
4286.3877
4287.4346
4288.2866
4289.8755
4290.8623
4291.6006
4293.0171
4293.5132
4294.9780
4295.9272
4296.7935
4297.0239
4298.5156
4301.0488
4301.3105
4301.8594
4303.7363
4305.2002
4306.1675
4307.5781
4308.3882
4309.3340
4309.8120
4310.4512
4313.0117
4314.2104
4314.5215
4314.8154
4315.5327
4316.4678
4317.1621
4317.3232
4317.5864
4319.0542
4319.6299
4320.3115
4321.3413
4326.4902
4327.0762
4328.9312
4329.9053
4330.1328
4331.6299
4332.0615
4332.4175
4333.2480
4333.5576
4334.7798
4335.1558
4336.5571
4338.2905
4338.4966
4339.3271
4341.0913
4342.1157
4343.6650
4344.6025
4344.8247
4345.1729
4345.5479
4346.3892
4347.6582
4348.8608
4349.2861
4349.8203
4350.2949
4351.4941
4352.4951
4353.4282
4353.8359
4354.0439
4354.6724
4355.7065
4356.5444
4356.7500
4357.2690
4358.8384
4359.5449
4360.5977
4361.3926
4361.9434
4362.5332
4363.2925
4363.6982
4365.0210
4365.2666
4367.1572
4368.1929
4368.6450
4369.0586
4371.1035
4371.9814
4372.5571
4373.7188
4375.3530
4376.0142
4377.1836
4377.7603
4379.4067
4380.8975
4381.5171
4382.6328
4383.0908
4386.2886
4386.9858
4389.3345
4390.2012
4392.3442
4392.6230
4394.2085
4394.9932
4397.3740
4397.7134
4398.2446
4399.1504
4400.6416
4401.3325
4401.6221
4402.2222
4402.8174
4403.4814
4403.8364
4404.1641
4410.1211
4411.1377
4414.6143
4414.8721
4415.7261
4416.0068
4417.4771
4418.0854
4419.6563
4421.0103
4421.4990
4422.7856
4423.2900
4424.9629
4426.0801
4427.2441
4429.7969
4430.8784
4431.0664
4431.4326
4432.2402
4433.4966
4434.2075
4434.7354
4435.0825
4436.0718
4436.2017
4436.9238
4437.2939
4437.5298
4438.2417
4439.9927
4440.3696
4440.7075
4441.1260
4441.8203
4442.1123
4442.8555
4444.3340
4444.9131
4446.2817
4447.1494
4448.4780
4449.0830
4450.1284
4450.7695
4452.0537
4453.8154
4455.3896
4456.0244
4457.9590
4458.4878
4459.2524
4459.9893
4460.7993
4461.8096
4462.7798
4464.9185
4465.0869
4465.3916
4466.5938
4467.2285
4469.5747
4470.4429
4470.7798
4472.2456
4476.0151
4476.4771
4479.6602
4479.8525
4480.8945
4481.5234
4481.8027
4483.0684
4484.6050
4488.1567
4488.7549
4489.5718
4489.9399
4490.9238
4491.9312
4492.2412
4493.3608
4494.5938
4495.9517
4496.2222
4496.4985
4497.5767
4497.8994
4499.1763
4499.8003
4500.2017
4500.9658
4501.2456
4501.8389
4504.1899
4505.8940
4506.4805
4507.7373
4509.0986
4511.7910
4511.9985
4513.7490
4514.4893
4514.9458
4515.3232
4515.8164
4516.3848
4516.8940
4518.3022
4520.5269
4522.4619
4523.0083
4523.5913
4524.0518
4525.3975
4526.1064
4526.7148
4527.2979
4528.9780
4529.2905
4529.6792
4530.2441
4531.5894
4531.8228
4532.9839
4533.5288
4534.3481
4534.5752
4535.3911
4535.6738
4536.5259
4536.7617
4537.2520
4538.9150
4542.2725
4543.3247
4544.6895
4545.1431
4545.7886
4546.3262
4547.1899
4547.9507
4548.5249
4549.0337
4549.6016
4552.7500
4553.4302
4555.1143
4557.0894
4557.6641
4559.6230
4560.3350
4560.5898
4562.6260
4563.3589
4563.7544
4564.9399
4565.6846
4566.1147
4568.5200
4569.4229
4569.8037
4572.2534
4572.5010
4572.8125
4574.9854
4575.3096
4575.5879
4576.5161
4576.7080
4578.0234
4578.8647
4580.6328
4581.1108
4582.4570
4585.6519
4589.7124
4590.4077
4590.5522
4591.1836
4593.9526
4594.2539
4594.9307
4596.7080
4597.3843
4597.5952
4600.0508
4600.9932
4602.1606
4604.1758
4604.4341
4605.9429
4607.1143
4607.7925
4608.6685
4609.2256
4609.9111
4610.8589
4611.3726
4611.9189
4613.1519
4613.8354
4614.8970
4616.3169
4616.6270
4617.1768
4617.7456
4619.2002
4620.7734
4621.5352
4621.7422
4622.4575
4623.4160
4624.4116
4625.1865
4625.4316
4625.6089
4625.9727
4626.3486
4626.5703
4626.7891
4628.5938
4629.4976
4629.7368
4633.0586
4635.0630
4638.5313
4639.4248
4639.9839
4640.8184
4641.0029
4641.3457
4644.8569
4646.0078
4647.9873
4648.5522
4649.2583
4651.2798
4651.5366
4652.8579
4653.2920
4655.3091
4656.5161
4657.4888
4657.8555
4659.2056
4660.8745
4661.6987
4663.8989
4664.5078
4666.2759
4667.3110
4667.8218
4668.1045
4669.4780
4670.9731
4671.2915
4673.7446
4674.9692
4676.6846
4677.3647
4678.2813
4679.5449
4681.5479
4681.9561
4683.5425
4684.0430
4684.6626
4687.5063
4687.8833
4691.6475
4691.9351
4692.3647
4692.6582
4692.9482
4693.1978
4695.4053
4696.3521
4696.7686
4699.5391
4701.4551
4702.0864
4703.6313
4704.6738
4705.3057
4706.6152
4707.0771
4707.5679
4708.3618
4709.6113
4712.1416
4713.3237
4713.7998
4714.1592
4715.9902
4716.7500
4718.7104
4720.7627
4721.3003
4721.7793
4722.1021
4722.5972
4722.9116
4723.4097
4724.7598
4725.1060
4726.0942
4728.1904
4729.1719
4729.4556
4730.4517
4731.2026
4731.9829
4732.2051
4733.3770
4735.3696
4737.2305
4739.2422
4741.0020
4741.8550
4742.2842
4742.6299
4743.4434
4743.8931
4745.0137
4746.6646
4748.9453
4749.9194
4750.5283
4751.2998
4753.7432
4758.5503
4762.4414
4763.8564
4765.6787
4766.1973
4766.9282
4767.9336
4769.3911
4774.5757
4776.6479
4777.1289
4778.1147
4778.5269
4779.6299
4781.0645
4782.0869
4782.6265
4782.8623
4784.0981
4784.9761
4785.1992
4785.3770
4787.8687
4788.4863
4790.0171
4790.7256
4791.7769
4792.8550
4793.4219
4794.5845
4795.2456
4797.2539
4797.5835
4801.5142
4802.3940
4804.0142
4805.2988
4806.9497
4807.3638
4809.4780
4810.9585
4813.2163
4813.7202
4814.3516
4815.0654
4815.2417
4818.3667
4819.9941
4820.5396
4821.8120
4822.2319
4822.9351
4823.2119
4823.3613
4824.2026
4824.5298
4824.9536
4825.3447
4825.9966
4828.0488
4830.0088
4831.1470
4832.4712
4832.9478
4833.7734
4834.1533
4835.0264
4838.7637
4839.7065
4841.8271
4842.2017
4843.5205
4845.2949
4845.5190
4846.1089
4846.2793
4846.5166
4848.6807
4849.1641
4849.7173
4850.4951
4851.2168
4851.7954
4854.2241
4854.9644
4857.6318
4858.8955
4859.4512
4859.6895
4862.5747
4863.0752
4864.5308
4866.8364
4867.2690
4868.9155
4869.6343
4869.8877
4870.2412
4872.6494
4873.3916
4874.2778
4875.7256
4877.8569
4878.3638
4879.1753
4879.3716
4880.0957
4880.7124
4881.2261
4882.5679
4883.2168
4883.6069
4887.3491
4888.2310
4889.6265
4890.4077
4890.8560
4891.2212
4891.8237
4892.4043
4893.0269
4894.1260
4894.8120
4896.3218
4900.1719
4900.6079
4903.4233
4904.1631
4906.1206
4908.5796
4911.2139
4911.5288
4911.9199
4912.1641
4912.5068
4912.7500
4913.4146
4913.9009
4914.8506
4915.4932
4916.7881
4919.1948
4921.1895
4922.9873
4924.3188
4925.7974
4926.8003
4927.3257
4927.6284
4928.6743
4929.1563
4930.4619
4931.3613
4934.5864
4935.2295
4935.7080
4938.1528
4939.2075
4939.8833
4940.4390
4940.6489
4941.0205
4942.7949
4943.2964
4944.4434
4945.0869
4946.8384
4948.0439
4948.9561
4951.6328
4952.0078
4954.0732
4954.9146
4958.6797
4959.4824
4960.1079
4962.7661
4963.1108
4963.4468
4964.5732
4966.4653
4967.1172
4968.4492
4969.0391
4970.1421
4971.4658
4973.5474
4976.4800
4977.3374
4977.9824
4978.7798
4981.5757
4982.1460
4982.3413
4983.8770
4984.9224
4986.7632
4987.3394
4988.5381
4988.9492
4990.7002
4993.5181
4994.0298
4995.1421
4995.4990
4999.2129
5001.3345
5001.6411
5003.4927
5004.9941
5005.5239
5009.5869
5010.7319
5011.3340
5011.8149
5012.8755
5014.5630
5016.1528
5017.2886
5017.9351
5018.5620
5018.9077
5019.4536
5021.2065
5021.9463
5022.6538
5023.4058
5023.5747
5025.1099
5030.0581
5030.4141
5031.0317
5031.0396
5031.2939
5036.7412
5038.1328
5039.7065
5040.6357
5040.9316
5042.0859
5042.5283
5043.0054
5044.9209
5046.1265
5046.6548
5047.7598
5048.0444
5048.4507
5050.3442
5051.2041
5052.1924
5053.2974
5056.7568
5059.3970
5061.2720
5063.0674
5063.4487
5064.3442
5064.9272
5065.4111
5066.0142
5066.3574
5067.5483
5068.1899
5068.5508
5069.3867
5070.7520
5076.0610
5076.8804
5080.5527
5081.3237
5082.8623
5086.1162
5086.4111
5086.7129
5087.5947
5090.6377
5091.4697
5091.9644
5096.4839
5097.9053
5099.4639
5102.0425
5102.5518
5111.1572
5112.7031
5116.4707
5118.7188
5119.6284
5123.9268
5126.9170
5127.3784
5129.9185
5131.6631
5132.5015
5134.5352
5136.1768
5137.5518
5138.9043
5142.2056
5143.2153
5144.7002
5145.3496
5146.7417
5147.4893
5149.6455
5150.6416
5153.0469
5155.6792
5160.0410
5162.9775
5163.7227
5164.8970
5167.2119
5168.0947
5170.3623
5171.6631
5175.1123
5176.2397
5176.7661
5177.3530
5177.6704
5177.8452
5178.4023
5179.0645
5179.9219
5182.1636
5183.9702
5184.5332
5185.0479
5185.4331
5185.8975
5186.1753
5187.8574
5188.7817
5189.1909
5192.3174
5195.2720
5195.9038
5197.2603
5198.6831
5200.2476
5200.6113
5203.4575
5205.2969
5206.6021
5209.2515
5211.1753
5212.6816
5214.8008
5218.0493
5218.2666
5219.9805
5220.5635
5222.1606
5222.3804
5222.7251
5229.6797
5230.4507
5232.6157
5234.6821
5235.5640
5240.2715
5241.0103
5241.6553
5249.1157
5252.3340
5254.9067
5255.9272
5259.8242
5261.5684
5262.9365
5265.6987
5267.0171
5268.1763
5271.2593
5271.7329
5274.1118
5274.3945
5274.5996
5275.5869
5277.8770
5278.6143
5278.9683
5281.5547
5281.8135
5282.5381
5283.0981
5288.3584
5291.3691
5293.2886
5295.8701
5296.5615
5297.7524
5299.2173
5299.7563
5301.9980
5302.8794
5308.4629
5308.9419
5311.0869
5311.7441
5313.4800
5314.0068
5314.3823
5316.7070
5318.9741
5319.9067
5322.2505
5324.3799
5326.6255
5326.9136
5327.7593
5328.4575
5330.8569
5331.1802
5331.2383
5331.5630
5338.5000
5341.9834
5345.0674
5346.7983
5347.8647
5349.4585
5350.4932
5350.9487
5352.6147
5353.3247
5356.0908
5357.1260
5360.1963
5361.3174
5361.6406
5362.6470
5364.0664
5366.9629
5370.7749
5370.9399
5372.2031
5374.1968
5374.9888
5376.3164
5376.8477
5377.2642
5377.6255
5378.2764
5380.3315
5380.6064
5382.8677
5384.4248
5385.5332
5388.1084
5389.5488
5394.0718
5395.0991
5395.4712
5396.2603
5399.0166
5400.2026
5400.4229
5400.6753
5401.1226
5401.6465
5404.1069
5404.7012
5408.2583
5408.8472
5409.1567
5412.2729
5417.0278
5418.9917
5420.6348
5422.8589
5423.1699
5423.3433
5425.5156
5427.1865
5427.9160
5430.6143
5432.6216
5434.2754
5434.8022
5435.2114
5435.6621
5436.6338
5437.2349
5437.4038
5438.8994
5439.6489
5441.5015
5442.1143
5442.7271
5443.7603
5444.6318
5445.2021
5448.6675
5449.7861
5450.9932
5453.1665
5453.7339
5456.6680
5460.4849
5463.2534
5464.1309
5465.7241
5468.6895
5472.2793
5479.0742
5480.5977
5482.4136
5485.6704
5489.3662
5490.1543
5490.4507
5490.6138
5491.6450
5494.1699
5494.7305
5495.8574
5497.4014
5497.6646
5499.7119
5500.7837
5501.1763
5502.8101
5503.4727
5505.8306
5507.6421
5508.4492
5509.0684
5510.0889
5511.5239
5516.4048
5520.5220
5520.7686
5523.2871
5526.1172
5526.4917
5528.8306
5529.7627
5530.6328
5531.6123
5532.2339
5537.5088
5539.0942
5540.1475
5540.8003
5541.4492
5542.6855
5543.1206
5543.4751
5544.4297
5546.5894
5547.3462
5547.6611
5548.6743
5549.7168
5552.9141
5554.1655
5557.0742
5557.6924
5558.5889
5559.4653
5559.8862
5560.2461
5561.4355
5565.7466
5569.5444
5572.4736
5572.7383
5573.6421
5574.0122
5574.9009
5576.4634
5577.7529
5579.2329
5580.9072
5581.6265
5582.3042
5583.5166
5584.4165
5585.3125
5587.3979
5588.5776
5589.2861
5590.3022
5591.6650
5595.1660
5596.0137
5596.6167
5599.0298
5600.0337
5601.2095
5602.6768
5603.1582
5604.4185
5606.0718
5607.9429
5608.2896
5611.1313
5612.2383
5613.6260
5614.1753
5616.8784
5618.2505
5618.8491
5619.2012
5621.5361
5626.4746
5627.2402
5631.8594
5634.8584
5637.4434
5641.3110
5643.1230
5643.3003
5647.0918
5647.2358
5647.4614
5648.0181
5649.2744
5650.2539
5650.5591
5652.2725
5654.4707
5655.5928
5656.0879
5657.0591
5659.4956
5660.6978
5662.2300
5664.6138
5666.1934
5666.7520
5667.2007
5667.9912
5668.7007
5675.4106
5676.5610
5678.6284
5680.5811
5683.4766
5686.7695
5688.9272
5692.2725
5693.2407
5697.9717
5699.8740
5702.4990
5704.2329
5707.2197
5708.6865
5710.2627
5717.3101
5718.7568
5721.2090
5721.7695
5725.8252
5726.0518
5726.9771
5729.2993
5731.5718
5737.6211
5741.1118
5742.7632
5743.4219
5743.6768
5748.7871
5748.9790
5750.3359
5750.9829
5751.3813
5754.6221
5762.1489
5764.3926
5765.1274
5769.3774
5769.7808
5773.3608
5773.7148
5775.5474
5779.0024
5781.4375
5791.2505
5794.0361
5797.6753
5798.9268
5800.0859
5802.4380
5803.6885
5805.7505
5807.3115
5809.2920
5810.2676
5814.5845
5817.0342
5820.0630
5821.2163
5824.4082
5827.8877
5830.7261
5831.4790
5832.4438
5833.9878
5835.8809
5840.5684
5841.4702
5842.2593
5843.6689
5845.4268
5846.4111
5847.5391
5854.3027
5855.0972
5855.7432
5857.1216
5859.0728
5861.9341
5865.3433
5868.4380
5870.0010
5871.4775
5872.1797
5872.8101
5874.2305
5875.6660
5875.9790
5876.6147
5880.7559
5884.2544
5885.6641
5887.3330
5888.1626
5889.8940
5890.2163
5891.5854
5893.0840
5896.3315
5896.9155
5897.9976
5901.4795
5904.2378
5905.7954
5906.8130
5907.2075
5912.8677
5913.7241
5915.0029
5916.0244
5916.3096
5918.3672
5920.5840
5927.0454
5928.7681
5930.4556
5931.5771
5934.0708
5938.0308
5938.8071
5939.3086
5940.1021
5940.4707
5942.2114
5944.0049
5945.1118
5946.2939
5947.8823
5950.4473
5956.2349
5957.2114
5957.9087
5962.4321
5966.1245
5969.9731
5971.3911
5973.2549
5974.0898
5975.3198
5976.7202
5977.8564
5983.5420
5983.7534
5987.9253
5988.9604
5990.7041
5992.6670
5995.1538
5995.7891
5998.2905
6000.6597
6002.8652
6003.3960
6006.8281
6007.3872
6008.7358
6011.8252
6013.1982
6015.3433
6017.0879
6018.0249
6020.6602
6021.9385
6022.7031
6023.0786
6024.8921
6026.8184
6027.7139
6029.9409
6030.8950
6031.3198
6032.1147
6033.7979
6034.5430
6036.8638
6038.4341
6039.3691
6040.3530
6044.2632
6044.8965
6046.1064
6048.5718
6050.7261
6052.6577
6054.3989
6055.0571
6057.2705
6059.8589
6061.0508
6063.2148
6066.4307
6067.4595
6068.7603
6070.7012
6072.0225
6074.7847
6078.7876
6079.5552
6080.1040
6080.9053
6082.9263
6087.0596
6087.5645
6088.9473
6089.7153
6092.1343
6098.8818
6099.8086
6100.4912
6100.7715
6101.6772
6103.4141
6107.3252
6109.2241
6114.5293
6115.1582
6116.2314
6116.6162
6117.8589
6121.3936
6122.2510
6123.1021
6123.9092
6125.0566
6125.5283
6125.7642
6126.1758
6127.4355
6129.1123
6131.2427
6135.5122
6139.6250
6140.3457
6146.4590
6147.1421
6152.3857
6153.6958
6155.7720
6156.2197
6156.9419
6157.2852
6158.7920
6163.0581
6163.8750
6164.6748
6166.1851
6166.8286
6171.5293
6171.8809
6173.9858
6174.8042
6180.1411
6182.4150
6184.3320
6188.8467
6189.8374
6190.8574
6193.6187
6195.5703
6199.9375
6202.1479
6202.8159
6205.2090
6207.5771
6208.9375
6209.4683
6210.4048
6217.6582
6221.7324
6223.0405
6226.2495
6228.0923
6234.6992
6235.9214
6236.5806
6241.4385
6242.6802
6244.8477
6246.7690
6247.3462
6247.9019
6250.1333
6252.2144
6259.1543
6260.3379
6263.1499
6266.4463
6267.3364
6267.9067
6269.9336
6273.2788
6275.8521
6277.9004
6278.9741
6280.3818
6280.9028
6281.7144
6287.0161
6287.7837
6288.9941
6291.2275
6292.9312
6293.3687
6293.8003
6294.6313
6294.9829
6298.6138
6300.6450
6302.6592
6303.1553
6304.9937
6305.9858
6309.4019
6310.9053
6312.5552
6314.3682
6316.0156
6317.5215
6318.9297
6323.0483
6323.5684
6326.1470
6328.1162
6329.0278
6333.1646
6334.2632
6334.8975
6337.1577
6339.3730
6341.4209
6344.6128
6347.8755
6349.9868
6350.4922
6357.3867
6357.6675
6358.7803
6359.4351
6360.3789
6360.8921
6361.4326
6364.0107
6366.6533
6370.8999
6371.3354
6373.7051
6378.6934
6380.5234
6381.4370
6383.1240
6383.5229
6386.4819
6389.1611
6390.5796
6391.1563
6391.8955
6392.9438
6394.1357
6395.5649
6395.8174
6396.4966
6398.7183
6400.9756
6401.7188
6402.4658
6404.7827
6408.2173
6413.6714
6415.3872
6417.3110
6418.0811
6420.1445
6423.8828
6424.6724
6426.5884
6430.5508
6433.3330
6438.4487
6439.5400
6440.0889
6440.6953
6440.8506
6443.6797
6445.6406
6447.4219
6448.5522
6451.7881
6452.7383
6453.8418
6457.0483
6459.0664
6462.2603
6462.8447
6469.4624
6473.0010
6484.8740
6487.1680
6489.2734
6490.6763
6492.5308
6494.9917
6495.5723
6495.7637
6497.0522
6497.8242
6499.2871
6500.9019
6501.4414
6502.4541
6503.1572
6503.7886
6505.3081
6508.7847
6510.1587
6510.8491
6514.1631
6515.6460
6523.8452
6524.3018
6533.1465
6536.4111
6537.9502
6538.9844
6539.4204
6539.9185
6543.8569
6547.5269
6551.9966
6553.5151
6555.9707
6560.6870
6561.8696
6566.2573
6566.8833
6571.4468
6577.9385
6579.0317
6579.4722
6582.0474
6585.7241
6586.4316
6587.5132
6590.3594
6593.3052
6595.2842
6595.7603
6597.9360
6600.5005
6601.3052
6602.5542
6604.5859
6605.4448
6606.6777
6607.2412
6615.2007
6618.8857
6619.3433
6619.9951
6621.7744
6622.7949
6633.9155
6635.2900
6640.0542
6640.7456
6641.5742
6645.5327
6646.4990
6648.3755
6650.3311
6650.7944
6656.2051
6657.3267
6658.7764
6660.5156
6662.5151
6664.1079
6665.5366
6665.8906
6668.1992
6670.6577
6675.4219
6676.5396
6679.1255
6680.5503
6681.9253
6685.2124
6686.1382
6689.3667
6694.5737
6695.8550
6696.3447
6697.9888
6699.5615
6702.6001
6713.1050
6715.8237
6719.2397
6721.0547
6724.7461
6728.1660
6729.3159
6729.9756
6730.6172
6731.7905
6734.5078
6735.6079
6740.0405
6743.7827
6744.7461
6747.9980
6753.2905
6754.6978
6755.5244
6758.3179
6758.9751
6760.0688
6768.4790
6771.9751
6774.0435
6774.9663
6780.1831
6781.1953
6781.9961
6782.2842
6789.6094
6790.7139
6793.1089
6797.6738
6800.3628
6802.3413
6809.1973
6810.4102
6810.9790
6811.1968
6811.3887
6811.5566
6812.4287
6814.3716
6814.6553
6817.4932
6825.3916
6826.5605
6829.1333
6830.9204
6831.2319
6834.7783
6836.8110
6841.1821
6848.3687
6853.7754
6854.2456
6855.4150
6856.0010
6856.4043
6857.2070
6857.5811
6863.1626
6864.7627
6865.4292
6868.2617
6868.6582
6870.3462
6873.1855
6876.6504
6881.4805
6884.7100
6888.3076
6888.9878
6890.0742
6891.2036
6894.1514
6896.1323
6902.6670
6904.1143
6910.8965
6911.7554
6913.1328
6916.6201
6918.0366
6921.9482
6926.9194
6938.5664
6939.5776
6944.4531
6945.5259
6947.4063
6948.1294
6953.3950
6954.8848
6956.5742
6957.2334
6962.1699
6964.2319
6967.3521
6971.2197
6983.0088
6987.3984
6987.9570
6991.5835
6994.1411
6994.6255
6994.9663
6995.9165
6998.6875
7001.5547
7002.7349
7004.8140
7009.0283
7016.9028
7017.2520
7020.5024
7022.4194
7023.2192
7027.1621
7028.3989
7029.9609
7032.1899
7034.8701
7038.2231
7040.6611
7047.7397
7055.5645
7056.3628
7060.4355
7061.4717
7061.9883
7062.6006
7063.3413
7066.3994
7069.1670
7070.6851
7073.0439
7073.4297
7074.3442
7076.2070
7077.2842
7079.3208
7086.1221
7088.6587
7090.7778
7091.2939
7102.4722
7109.4380
7111.1426
7111.8208
7114.8804
7115.9492
7116.3599
7126.5249
7127.7847
7132.1504
7132.6899
7133.3247
7134.5767
7142.4297
7144.2998
7149.0112
7150.5293
7152.2549
7155.5596
7158.9141
7160.8120
7161.9199
7164.5313
7169.1782
7170.8711
7172.3369
7175.3496
7178.1641
7178.6992
7190.5137
7193.1147
7202.0298
7203.7939
7204.1758
7204.5015
7208.4692
7208.9668
7209.9932
7214.6772
7220.0435
7221.1411
7222.9712
7227.1011
7231.9307
7231.9312
7232.8550
7235.5303
7242.1802
7244.0879
7246.6929
7248.1250
7252.5879
7255.6748
7257.3535
7258.9858
7260.1772
7267.1748
7272.6675
7274.9404
7286.9102
7287.4512
7298.2764
7300.1543
7307.4170
7313.7300
7317.0811
7318.0205
7325.2280
7326.8252
7328.1670
7330.3042
7331.5107
7337.5981
7341.6255
7343.1738
7344.5996
7347.4229
7348.3667
7350.0776
7352.8389
7355.3188
7360.3721
7363.3750
7372.8564
7374.1489
7378.9097
7382.4595
7386.0146
7387.5352
7395.0166
7395.4741
7404.2910
7413.0098
7413.7783
7414.3789
7419.8345
7420.5938
7424.3569
7425.8496
7427.3394
7430.9863
7432.2993
7437.4155
7438.3447
7442.5420
7446.7993
7449.8994
7457.2607
7460.8076
7463.9292
7465.0464
7471.1133
7473.2212
7483.4146
7485.6865
7486.3877
7490.0356
7495.4912
7497.6279
7501.0674
7502.7212
7505.9355
7510.5464
7512.4766
7513.4180
7513.8584
7516.7212
7520.8525
7525.2065
7527.5801
7530.5625
7533.2173
7538.5117
7539.5044
7551.3931
7557.4058
7567.9351
7568.6133
7569.8257
7571.5962
7572.6440
7573.1177
7575.4292
7591.4038
7600.2969
7609.9175
7620.4414
7622.1748
7627.8042
7629.2744
7630.9819
7632.4106
7634.2310
7637.2075
7639.4873
7640.8828
7649.4844
7653.8511
7654.4268
7655.9355
7656.8066
7660.4326
7662.1318
7662.9990
7668.6782
7671.0718
7672.1689
7674.3672
7678.3325
7680.2397
7685.1338
7687.4229
7693.8877
7695.9194
7701.5225
7701.8989
7703.2275
7705.8057
7706.9375
7712.3911
7714.5278
7716.0615
7723.3276
7725.8872
7726.3330
7731.0786
7733.8667
7744.6943
7746.0864
7763.8491
7764.8677
7774.0850
7778.8125
7780.6323
7784.4575
7789.9429
7791.0771
7800.5034
7812.7734
7815.6260
7816.1226
7816.4731
7818.3037
7819.9180
7824.5400
7836.6138
7837.7769
7838.6157
7842.4556
7843.9487
7844.4233
7849.6987
7850.6138
7864.0732
7864.0742
7866.1855
7868.1338
7870.3599
7874.7979
7877.6294
7879.2432
7888.4531
7893.2461
7895.7910
7898.6250
7901.7964
7902.4937
7918.6201
7927.1719
7927.9282
7939.9165
7943.9102
7950.3623
7956.7798
7959.1626
7974.7886
7976.3521
7981.1675
7983.4209
7990.1699
7993.5635
7995.8789
8002.2451
8008.3584
8016.9897
8019.7324
8024.4072
8026.4600
8027.9341
8028.4209
8032.4087
8034.6401
8039.4287
8048.3296
8052.8618
8055.5234
8056.7510
8064.8477
8077.8726
8087.4429
8091.7100
8094.4629
8095.8501
8096.2817
8105.9214
8117.5430
8121.4141
8124.9575
8131.6411
8140.7124
8142.1411
8145.3765
8151.9424
8154.6230
8159.7861
8161.9707
8165.3652
8168.6929
8172.0322
8179.4268
8189.1616
8193.1367
8196.6475
8200.6963
8204.4014
8209.7344
8211.7031
8216.4053
8219.4854
8233.6699
8237.2021
8254.6621
8255.8838
8257.0117
8261.7813
8263.2852
8266.7939
8277.9023
8290.6924
8294.8066
8297.8301
8299.4580
8306.7080
8313.9160
8323.1426
8332.7393
8337.9980
8343.7695
8358.3584
8358.3652
8361.0225
8362.7881
8368.3730
8369.6924
8371.6406
8381.5293
8387.0273
8388.0322
8389.4102
8390.8408
8400.4854
8401.5654
8404.2979
8406.1064
8410.5205
8414.2285
8419.0391
8420.3115
8423.5391
8426.9619
8434.8105
8447.8076
8448.8330
8452.9980
8458.6699
8466.5625
8467.9971
8474.1543
8480.6885
8492.6396
8503.0156
8512.9629
8514.2480
8518.8945
8523.7842
8542.1396
8544.4346
8546.0703
8546.9434
8557.2949
8558.6768
8560.7979
8562.7871
8570.5635
8575.4756
8577.6865
8579.6318
8589.9922
8594.1982
8595.4697
8602.1172
8606.3799
8608.1396
8618.5879
8622.8281
8623.6904
8631.5117
8633.7275
8640.7354
8641.8145
8647.6826
8651.5254
8658.2529
8664.5156
8667.8652
8670.3252
8677.7813
8680.7920
8690.2334
8703.5107
8706.0928
8707.2510
8709.7510
8711.6260
8712.8066
8715.2451
8716.0479
8722.0234
8724.0547
8724.8535
8726.1143
8726.7725
8734.8223
8736.4219
8742.1816
8750.4336
8751.5732
8753.6094
8760.6484
8762.8555
8764.0928
8769.1533
8774.2695
8775.2148
8777.9834
8785.1279
8786.9756
8792.7900
8794.4727
8800.5879
8801.5049
8807.0078
8812.6738
8818.5947
8820.1650
8832.1172
8843.6104
8844.5020
8852.3457
8855.2227
8857.3389
8871.2676
8877.6689
8891.6348
8895.4277
8901.7402
8908.1035
8909.4785
8913.3027
8922.6504
8930.5439
8944.1162
8951.5801
8958.3057
8960.4453
8964.6074
8970.1025
8972.3301
8987.7480
8989.8760
8993.3623
8997.6592
9000.3467
9010.9375
9012.3564
9015.0010
9019.0654
9020.0664
9034.2988
9038.4004
9040.3750
9041.1729
9042.6045
9047.8369
9050.7344
9055.9707
9058.5674
9065.0518
9066.4482
9068.6006
9070.5127
9072.0723
9074.7686
9077.8857
9093.3145
9097.3262
9109.7256
9114.0313
9125.4717
9134.7793
9137.1992
9143.0645
9161.5479
9168.4102
9173.3389
9181.2979
9190.0869
9196.1152
9197.1621
9202.2090
9206.4873
9211.1084
9218.4492
9227.0303
9230.0439
9235.0293
9236.3916
9241.8613
9253.1162
9262.8662
9266.2354
9268.7500
9269.4629
9270.2324
9272.6943
9278.8193
9292.1113
9294.0811
9297.5244
9302.5645
9310.4502
9312.9990
9320.2861
9338.7139
9338.7246
9343.2686
9356.7871
9363.5566
9385.8477
9391.5068
9393.1621
9401.6680
9411.9297
9416.6709
9423.0820
9434.1865
9434.8691
9439.4014
9457.7959
9463.6230
9469.7920
9473.2793
9477.4775
9489.5283
9496.6484
9498.1025
9499.7949
9502.9053
9508.0000
9510.2607
9511.0596
9538.2715
9550.6494
9563.8682
9579.9746
9585.4424
9598.0225
9616.3281
9632.2109
9635.2861
9660.4355
9667.3496
