# type blackbody
# units microns
# band Lprime
# weff 3.761

2.9	2.9131	0.005
2.905	2.9131	0.005
2.91	2.9131	0.005
2.915	2.9131	0.005
2.92	2.9131	0.005
2.925	2.9131	0.005
2.93	2.9131	0.005
2.935	2.9131	0.005
2.94	2.9131	0.005
2.945	2.9131	0.005
2.95	2.9131	0.005
2.955	2.9131	0.005
2.96	2.9131	0.005
2.965	2.9131	0.005
2.97	2.9131	0.005
2.975	2.9131	0.005
2.98	2.9131	0.005
2.985	2.9131	0.005
2.99	2.9131	0.005
2.995	2.9131	0.005
3.	2.9131	0.005
3.005	2.9131	0.005
3.01	2.9131	0.005
3.015	2.9131	0.005
3.02	2.9131	0.005
3.025	2.9131	0.005
3.03	2.9131	0.005
3.035	2.9131	0.005
3.04	2.9131	0.005
3.045	2.9131	0.005
3.05	2.9131	0.005
3.055	2.9131	0.005
3.06	2.9131	0.005
3.065	2.9131	0.005
3.07	2.9131	0.005
3.075	2.9131	0.005
3.08	2.9131	0.005
3.085	2.9131	0.005
3.09	2.9131	0.005
3.095	2.9131	0.005
3.1	2.9131	0.005
3.105	2.9131	0.005
3.11	2.9131	0.005
3.115	2.9131	0.005
3.12	2.9131	0.005
3.125	2.9131	0.005
3.13	2.9131	0.005
3.135	2.9131	0.005
3.14	2.9131	0.005
3.145	2.9131	0.005
3.15	2.9131	0.005
3.155	2.9131	0.005
3.16	2.9131	0.005
3.165	2.9131	0.005
3.17	2.9131	0.005
3.175	2.9131	0.005
3.18	2.9131	0.005
3.185	2.9131	0.005
3.19	2.9131	0.005
3.195	2.9131	0.005
3.2	2.9131	0.005
3.205	2.9131	0.005
3.21	2.9131	0.005
3.215	2.9131	0.005
3.22	2.9131	0.005
3.225	2.9131	0.005
3.23	2.9131	0.005
3.235	2.9131	0.005
3.24	2.9131	0.005
3.245	2.9131	0.005
3.25	2.9131	0.005
3.255	2.9131	0.005
3.26	2.9131	0.005
3.265	2.9131	0.005
3.27	2.9131	0.005
3.275	2.9131	0.005
3.28	2.9131	0.005
3.285	2.9131	0.005
3.29	2.9131	0.005
3.295	2.9131	0.005
3.3	2.9131	0.005
3.305	2.9131	0.005
3.31	2.9131	0.005
3.315	2.9131	0.005
3.32	2.9131	0.005
3.325	2.9131	0.005
3.33	2.9131	0.005
3.335	2.9131	0.005
3.34	2.9131	0.005
3.345	2.9131	0.005
3.35	2.9131	0.005
3.355	2.9131	0.005
3.36	2.9131	0.005
3.365	2.9131	0.005
3.37	2.9131	0.005
3.375	2.9131	0.005
3.38	2.9131	0.005
3.385	2.9131	0.005
3.39	2.9131	0.005
3.395	2.9131	0.005
3.4	2.9131	0.005
3.405	2.9131	0.005
3.41	2.9131	0.005
3.415	2.9131	0.005
3.42	2.9131	0.005
3.425	2.9131	0.005
3.43	2.9131	0.005
3.435	2.9131	0.005
3.44	2.9131	0.005
3.445	2.9131	0.005
3.45	2.9131	0.005
3.455	2.9131	0.005
3.46	2.9131	0.005
3.465	2.9131	0.005
3.47	2.9131	0.005
3.475	2.9131	0.005
3.48	2.9131	0.005
3.485	2.9131	0.005
3.49	2.9131	0.005
3.495	2.9131	0.005
3.5	2.9131	0.005
3.505	2.9131	0.005
3.51	2.9131	0.005
3.515	2.9131	0.005
3.52	2.9131	0.005
3.525	2.9131	0.005
3.53	2.9131	0.005
3.535	2.9131	0.005
3.54	2.9131	0.005
3.545	2.9131	0.005
3.55	2.9131	0.005
3.555	2.9131	0.005
3.56	2.9131	0.005
3.565	2.9131	0.005
3.57	2.9131	0.005
3.575	2.9131	0.005
3.58	2.9131	0.005
3.585	2.9131	0.005
3.59	2.9131	0.005
3.595	2.9131	0.005
3.6	2.9131	0.005
3.605	2.9131	0.005
3.61	2.9131	0.005
3.615	2.9131	0.005
3.62	2.9131	0.005
3.625	2.9131	0.005
3.63	2.9131	0.005
3.635	2.9131	0.005
3.64	2.9131	0.005
3.645	2.9131	0.005
3.65	2.9131	0.005
3.655	2.9131	0.005
3.66	2.9131	0.005
3.665	2.9131	0.005
3.67	2.9131	0.005
3.675	2.9131	0.005
3.68	2.9131	0.005
3.685	2.9131	0.005
3.69	2.9131	0.005
3.695	2.9131	0.005
3.7	2.9131	0.005
3.705	2.9131	0.005
3.71	2.9131	0.005
3.715	2.9131	0.005
3.72	2.9131	0.005
3.725	2.9131	0.005
3.73	2.9131	0.005
3.735	2.9131	0.005
3.74	2.9131	0.005
3.745	2.9131	0.005
3.75	2.9131	0.005
3.755	2.9131	0.005
3.76	2.9131	0.005
3.765	2.9131	0.005
3.77	2.9131	0.005
3.775	2.9131	0.005
3.78	2.9131	0.005
3.785	2.9131	0.005
3.79	2.9131	0.005
3.795	2.9131	0.005
3.8	2.9131	0.005
3.805	2.9131	0.005
3.81	2.9131	0.005
3.815	2.9131	0.005
3.82	2.9131	0.005
3.825	2.9131	0.005
3.83	2.9131	0.005
3.835	2.9131	0.005
3.84	2.9131	0.005
3.845	2.9131	0.005
3.85	2.9131	0.005
3.855	2.9131	0.005
3.86	2.9131	0.005
3.865	2.9131	0.005
3.87	2.9131	0.005
3.875	2.9131	0.005
3.88	2.9131	0.005
3.885	2.9131	0.005
3.89	2.9131	0.005
3.895	2.9131	0.005
3.9	2.9131	0.005
3.905	2.9131	0.005
3.91	2.9131	0.005
3.915	2.9131	0.005
3.92	2.9131	0.005
3.925	2.9131	0.005
3.93	2.9131	0.005
3.935	2.9131	0.005
3.94	2.9131	0.005
3.945	2.9131	0.005
3.95	2.9131	0.005
3.955	2.9131	0.005
3.96	2.9131	0.005
3.965	2.9131	0.005
3.97	2.9131	0.005
3.975	2.9131	0.005
3.98	2.9131	0.005
3.985	2.9131	0.005
3.99	2.9131	0.005
3.995	2.9131	0.005
4.	2.9131	0.005
4.005	2.9131	0.005
4.01	2.9131	0.005
4.015	2.9131	0.005
4.02	2.9131	0.005
4.025	2.9131	0.005
4.03	2.9131	0.005
4.035	2.9131	0.005
4.04	2.9131	0.005
4.045	2.9131	0.005
4.05	2.9131	0.005
4.055	2.9131	0.005
4.06	2.9131	0.005
4.065	2.9131	0.005
4.07	2.9131	0.005
4.075	2.9131	0.005
4.08	2.9131	0.005
4.085	2.9131	0.005
4.09	2.9131	0.005
4.095	2.9131	0.005
4.1	2.9131	0.005
4.105	2.9131	0.005
4.11	2.9131	0.005
4.115	2.9131	0.005
4.12	2.9131	0.005
4.125	2.9131	0.005
4.13	2.9131	0.005
4.135	2.9131	0.005
4.14	2.9131	0.005
4.145	2.9131	0.005
4.15	2.9131	0.005
4.155	2.9131	0.005
4.16	2.9131	0.005
4.165	2.9131	0.005
4.17	2.9131	0.005
4.175	2.9131	0.005
4.18	2.9131	0.005
4.185	2.9131	0.005
4.19	2.9131	0.005
4.195	2.9131	0.005
4.2	2.9131	0.005
4.205	2.9131	0.005
4.21	2.9131	0.005
4.215	2.9131	0.005
4.22	2.9131	0.005
4.225	2.9131	0.005
4.23	2.9131	0.005
4.235	2.9131	0.005
4.24	2.9131	0.005
4.245	2.9131	0.005
4.25	2.9131	0.005
4.255	2.9131	0.005
4.26	2.9131	0.005
4.265	2.9131	0.005
4.27	2.9131	0.005
4.275	2.9131	0.005
4.28	2.9131	0.005
4.285	2.9131	0.005
4.29	2.9131	0.005
4.295	2.9131	0.005
4.3	2.9131	0.005
