2199 
3714 
3728 
733 
3719 
2271 
3718 
3227 
3221 
3222 
2723 
2725 
3711 
724 
3710 
2720 
3700 
3701 
3702 
3703 
3704 
3705 
3706 
3707 
3708 
3709 
3712 
3713 
2241 
2726 
2242 
3715 
2273 
3801 
3802 
3803 
3804 
3805 
3806 
3807 
3808 
3809 
3810 
3811 
3812 
3813 
3814 
3815 
3816 
3817 
3818 
3819 
3820 
3821 
3822 
3823 
3824 
3825 
3826 
1405 
804 
1406 
2247 
3933 
2249 
3901 
3902 
3903 
3904 
3905 
3906 
3907 
3908 
3909 
3910 
3911 
3912 
3913 
3914 
3915 
3916 
3917 
3918 
3919 
3920 
3921 
3922 
3923 
3924 
3925 
3926 
1407 
723 
1408 
2246 
3934 
