2199 
3714 
3728 
733 
3719 
2271 
3718 
3227 
3221 
3222 
2723 
2725 
3711 
724 
3710 
2720 
3700 
3701 
3702 
3703 
3704 
3705 
3706 
3707 
3708 
3709 
3712 
3713 
2241 
2726 
2242 
3715 
2273 
3301 
3302 
3303 
3304 
3305 
3306 
3307 
3308 
3309 
3310 
3311 
3312 
3313 
3314 
3315 
3316 
3317 
3318 
3319 
3320 
3321 
3322 
3323 
3324 
3325 
3326 
1405 
804 
1406 
2247 
3932 
2249 
3401 
3402 
3403 
3404 
3405 
3406 
3407 
3408 
3409 
3410 
3411 
3412 
3413 
3414 
3415 
3416 
3417 
3418 
3419 
3420 
3421 
3422 
3423 
3424 
3425 
3426 
1407 
723 
1408 
2246 
3934 
