2199 
3714 
3728 
733 
3719 
2271 
3718 
3227 
3221 
3222 
2723 
2725 
3711 
724 
3710 
2720 
3700 
3701 
3702 
3703 
3704 
3705 
3706 
3707 
3708 
3709 
3712 
3713 
2241 
2726 
2242 
3715 
2273 
3501 
3502 
3503 
3504 
3505 
3506 
3507 
3508 
3509 
3510 
3511 
3512 
3513 
3514 
3515 
3516 
3517 
3518 
3519 
3520 
3521 
3522 
3523 
3524 
3525 
3526 
1405 
804 
1406 
2247 
3931 
2249 
3601 
3602 
3603 
3604 
3605 
3606 
3607 
3608 
3609 
3610 
3611 
3612 
3613 
3614 
3615 
3616 
3617 
3618 
3619 
3620 
3621 
3622 
3623 
3624 
3625 
3626 
1407 
723 
1408 
2246 
3934 
