 699 
 3214
 3228
 2275
 3219
 2271
 3218
 3217
 3221
 3222
 3223
 3225
 3211
 3224
 3210
 3220
 3200
 3201
 3202
 3203
 3204
 3205
 3206
 3207
 3208
 3209
 3212
 3213
 2241
 3226
 2242
 3215
 2273
 3001
 3002
 3003
 3004
 3005
 3006
 3007
 3008
 3009
 3010
 3011
 3012
 3013
 3014
 3015
 3016
 3017
 3018
 3019
 3020
 3021
 3022
 3023
 3024
 3025
 3026
 2223
  804
 2224
 2262
  999
 3216
 3101
 3102
 3103
 3104
 3105
 3106
 3107
 3108
 3109
 3110
 3111
 3112
 3113
 3114
 3115
 3116
 3117
 3118
 3119
 3120
 3121
 3122
 3123
 3124
 3125
 3126
 2225
 2229
 2226
 2246
 3229
