# units Angstroms
 3187.745                                                                       
 3243.689                                                                       
 3249.800                                                                       
 3307.228                                                                       
 3350.924                                                                       
 3376.436                                                                       
 3576.616                                                                       
 3588.441                                                                       
 3613.643                                                                       
 3718.207                                                                       
 3729.309                                                                       
 3737.889                                                                       
 3780.840                                                                       
 3819.607                                                                       
 3850.581                                                                       
 3868.528                                                                       
 3888.648                                                                       
 3964.729                                                                       
 4026.191                                                                       
 4052.921                                                                       
 4103.912                                                                       
 4120.812                                                                       
 4131.724                                                                       
 4143.761                                                                       
 4158.591                                                                       
 4181.884                                                                       
 4237.220                                                                       
 4259.362                                                                       
 4266.286                                                                       
 4272.169                                                                       
 4277.528                                                                       
 4300.101                                                                       
 4387.929                                                                       
 4448.879                                                                       
 4471.479                                                                       
 4481.811                                                                       
 4510.733                                                                       
 4545.052                                                                       
 4579.350                                                                       
 4589.898                                                                       
 4609.567                                                                       
 4657.901                                                                       
 4713.146                                                                       
 4726.868                                                                       
 4735.906                                                                       
 4764.865                                                                       
 4806.021                                                                       
 4847.810                                                                       
 4879.864                                                                       
 4889.042                                                                       
 4921.931                                                                       
 4965.080                                                                       
 5015.680                                                                       
 5047.738                                                                       
 5062.037                                                                       
 5162.285                                                                       
 5187.746                                                                       
 5221.271                                                                       
 5400.562                                                                       
 5421.352                                                                       
 5495.874                                                                       
 5558.702                                                                       
 5606.733                                                                       
 5739.520                                                                       
 5748.299                                                                       
 5764.419                                                                       
 5820.156                                                                       
 5834.263                                                                       
 5852.488                                                                       
 5875.621                                                                       
 5881.895                                                                       
 5944.834                                                                       
 6029.997                                                                       
 6032.127                                                                       
 6043.223                                                                       
 6074.338                                                                       
 6096.163                                                                       
 6143.062                                                                       
 6163.594                                                                       
 6217.281                                                                       
 6266.495                                                                       
 6304.789                                                                       
 6334.428                                                                       
 6382.991                                                                       
 6402.246                                                                       
 6416.307                                                                       
 6506.528                                                                       
 6532.882                                                                       
 6598.953                                                                       
 6717.043                                                                       
 6752.834                                                                       
 6871.289                                                                       
 6929.467                                                                       
 6937.664                                                                       
 6965.431                                                                       
 7024.050                                                                       
 7030.251                                                                       
 7032.413                                                                       
 7147.042                                                                       
 7173.938                                                                       
 7206.980                                                                       
 7245.167                                                                       
 7272.936                                                                       
 7281.349                                                                       
 7311.716                                                                       
 7353.293                                                                       
 7372.118                                                                       
 7383.981                                                                       
 7438.898                                                                       
 7488.871                                                                       
 7503.869                                                                       
 7514.652                                                                       
 7635.106                                                                       
 7891.075                                                                       
 7948.176                                                                       
 8006.157                                                                       
 8014.786                                                                       
 8103.693                                                                       
 8115.311                                                                       
 8264.523                                                                       
 8300.326                                                                       
 8377.607                                                                       
 8408.210                                                                       
 8424.648                                                                       
 8495.360                                                                       
 8521.442                                                                       
 8591.259                                                                       
 8605.776                                                                       
 8634.647                                                                       
 8654.383                                                                       
 8667.944                                                                       
 8761.686                                                                       
 8853.867                                                                       
 8919.501                                                                       
 9122.967                                                                       
 9148.672                                                                       
 9224.499                                                                       
 9291.531                                                                       
 9354.220                                                                       
 9459.210                                                                       
 9657.786                                                                       
 9665.424                                                                       
 9784.503                                                                       
10470.05                                                                        
10830.2                                                                         
