# CuAr Line List: 3094A-10470A
# units Angstroms
3093.4019
3139.0176
3161.3726
3169.6685
3181.0376
3204.3210
3243.6887
3249.8003
3281.7016
3307.2283
3350.9243
3376.4359
3388.5309
3454.0952
3476.7474
3478.2324
3480.5055
3499.4765
3509.7785
3514.3877
3519.9936
3521.2601
3521.9781
3535.3196
3548.5144
3554.3058
3556.9041
3559.5081
3561.0304
3565.0298
3567.6564
3576.6156
3581.6084
3582.3546
3588.4407
3605.8792
3606.5218
3622.1375
3632.6831
3637.0310
3639.8329
3649.8323
3650.8896
3655.2782
3656.0498
3659.5289
3660.437
3669.6024
3671.0048
3673.2645
3678.2701
3680.0609
3682.5448
3690.8951
3706.9302
3709.9088
3714.7337
3717.1713
3718.2065
3720.4265
3724.5165
3729.3087
3737.889
3746.4476
3750.4799
3753.5177
3754.0498
3763.5053
3765.27
3766.1186
3770.52
3780.8398
3786.3824
3796.5934
3799.382
3803.1724
3808.5748
3809.4561
3819.0159
3825.6729
3826.8072
3834.6787
3841.5187
3844.7311
3845.4055
3850.5813
3856.1382
3861.747
3868.5284
3872.1371
3875.2645
3880.3332
3891.4017
3891.9792
3894.66
3895.2502
3900.6266
3911.576
3914.7675
3925.7188
3926.0456
3928.6233
3931.2359
3932.5466
3944.2717
3946.0971
3947.5046
3948.9789
3952.7291
3958.38
3968.3594
3974.4766
3974.759
3979.3559
3979.7155
3988.1576
3992.0535
3994.7918
3999.252
4001.1379
4005.3628
4011.2093
4013.8566
4019.8429
4022.629
4031.3783
4033.8093
4035.46
4038.8043
4042.8937
4044.4179
4045.6773
4045.9654
4047.4815
4052.9208
4054.5258
4062.641
4063.238
4070.7835
4072.0047
4072.3849
4076.6284
4076.9432
4079.5738
4082.3872
4099.4563
4103.9121
4112.8153
4116.3753
4128.64
4129.6823
4131.7235
4144.2435
4156.086
4158.5905
4164.1795
4168.9682
4178.3658
4179.2973
4181.8836
4189.6511
4190.7129
4191.0294
4198.317
4199.8891
4200.6745
4201.5549
4201.9715
4203.4109
4217.4308
4218.6649
4222.6373
4226.6089
4226.9876
4228.158
4229.8696
4237.2198
4248.956
4251.1846
4255.6034
4259.3619
4266.2864
4266.5271
4272.1689
4277.5282
4282.8976
4297.9645
4300.1008
4300.6495
4309.2392
4331.1995
4332.0297
4333.5612
4335.3379
4337.0708
4338.2314
4345.168
4345.8966
4348.064
4352.2049
4362.0662
4363.7945
4367.8316
4370.7532
4371.329
4372.49
4374.8579
4375.9542
4379.6668
4382.928
4383.7535
4385.0566
4386.9656
4397.7971
4400.0968
4400.9863
4401.755
4404.9022
4406.4704
4420.9124
4423.9944
4426.0011
4430.189
4430.9963
4433.838
4438.1175
4439.4614
4439.8793
4440.1216
4445.8483
4448.4597
4448.8792
4449.5206
4460.5574
4474.7594
4480.35
4481.8107
4490.9816
4498.5384
4502.9268
4507.8339
4509.374
4510.7332
4522.323
4530.5523
4530.785
4535.4903
4537.6426
4543.8692
4545.0519
4547.7589
4561.0128
4563.7429
4564.4054
4579.3495
4589.8978
4596.0967
4598.7627
4609.5673
4628.4409
4637.2328
4651.124
4657.9012
4682.2759
4702.3161
4721.5910
4726.8683
4732.0532
4735.9058
4764.8646
4806.0205
4847.8095
4865.9105
4876.2611
4879.8635
4882.2432
4888.2612
4889.0422
4904.7516
4914.3146
4933.2091
4942.9214
4965.0795
4972.1597
5009.3344
5017.1628
5062.0371
5090.4951
5118.2023
5125.7654
5141.7827
5145.3083
5151.3907
5162.2846
5165.7728
5176.2292
5187.7462
5216.8139
5218.2020
5221.2710
5254.4648
5421.3517
5439.9891
5442.2427
5443.6893
5451.6520
5457.4157
5467.1608
5473.4516
5490.1194
5495.8738
5498.1841
5506.1128
5524.9570
5558.7020
5572.5413
5577.6845
5581.8714
5588.7200
5597.4756
5601.1216
5606.7330
5641.3751
5648.6863
5650.7043
5659.1272
5681.9001
5691.6612
5700.8730
5738.3869
5739.5196
5772.1143
5774.0087
5783.5360
5802.0798
5834.2633
5860.3103
5882.6242
5888.5841
5912.0853
5916.5992
5927.1258
5928.8130
5942.6686
5949.2583
5971.6008
5998.9987
6005.7242
6013.6777
6025.1500
6032.1274
6043.2233
6046.8977
6052.7229
6059.3725
6064.7508
6081.2433
6085.8797
6090.7848
6098.8031
6101.1615
6103.5390
6105.6351
6113.4657
6114.9234
6119.6565
6123.3619
6127.4160
6128.7227
6145.4411
6155.2385
6165.1232
6170.1740
6173.0964
6174.4032
6212.5031
6215.9383
6243.1201
6296.8722
6307.6570
6333.1459
6357.0229
6364.8937
6369.5748
6384.7169
6396.6097
6399.2065
6403.0128
6416.3071
6418.3703
6431.5550
6437.6003
6441.8994
6443.8598
6466.5526
6468.0483
6472.4294
6481.1453
6483.0825
6493.9694
6499.1061
6538.1120
6604.8534
6620.9665
6632.0837
6638.2207
6639.7403
6643.6976
6656.9386
6660.6761
6664.0510
6666.3588
6677.2817
6684.2929
6719.2184
6752.8335
6756.1631
6766.6117
6827.2488
6861.2688
6863.5350
6871.2891
6879.5824
6888.1742
6937.6642
6951.4776
6965.4307
7030.2514
7067.2181
7147.0416
7206.9804
7272.9359
7311.7159
7353.2930
7372.1184
7383.9805
7503.8691
7514.6518
7635.1060
7723.7611
7724.2072
7948.1764
8006.1567
8014.7857
8103.6931
8115.311
8264.5225
8408.2096
8424.6475
8521.4422
8667.9442
9122.9674
9224.4992
9354.2198
9657.7863
9784.5028
10470.0535
