# units Angstroms
3188.6648
3465.1323
3521.5068
3546.5933
3560.5266
3719.2676
3730.3508
3738.9526
3781.9141
3851.6621
3889.7478
3929.7324
3965.8486
4027.3269
4045.5605
4073.3499
4132.8955
4159.7622
4260.5596
4278.7539
4301.6099
4427.2529
4472.7319
4511.9980
4546.3545
4580.6733
4659.2441
4714.4619
4766.2227
4807.4136
4881.2627
4923.3032
4966.5059
5017.0737
5189.1909
5222.7241
5402.0635
5497.3994
5574.0952
5608.2886
5652.2715
5749.8936
5766.0171
5854.1099
5877.2466
5946.4810
6031.6670
6076.0195
6097.8506
6144.7627
6165.2993
6219.0015
6268.2280
6306.5327
6336.1797
6384.7559
6404.0161
6508.3257
6534.6875
6600.7759
6680.0439
6718.8975
6754.6963
6873.1865
6931.3794
6967.3516
7034.3516
7067.1362
7109.4561
7127.7646
7149.0107
7175.9160
7208.9722
7247.1641
7274.9404
7283.3550
7313.7241
7355.3418
7374.1489
7386.0142
7440.9473
7490.9341
7505.9336
7516.7202
7537.8501
7546.1235
7637.2065
7672.1514
7725.9258
7893.2461
7950.3608
8008.3574
8014.2036
8016.9902
8055.5220
8084.6807
8105.9204
8112.2305
8117.5430
8266.7930
8302.6074
8379.9092
8426.9619
8497.6943
8523.7832
8608.1436
8622.8379
8637.0195
8656.7598
8670.3242
8764.1260
8783.0342
8784.5996
8786.1670
8856.2969
9077.9111
9125.4697
9151.1904
9197.2031
9227.0293
9294.1299
9356.7852
9427.9648
9536.7822
9660.4336
9787.1836
